Hour,Arrivals,Waiting,Treating,Available Rooms,Total Treatment Time,Average Treatment Time,Total Wait Time,Average Wait Time,Total Arrivals
1,4,0,2,23,1200,600,0,0,4
2,4,0,3,22,12720,2544,0,0,8
3,6,0,8,17,14940,2490,0,0,14
4,4,0,7,18,29100,2645,0,0,18
5,8,0,7,18,74700,3931,0,0,26
6,11,0,15,10,89520,4069,0,0,37
7,7,0,12,13,126720,3960,0,0,44
8,11,0,7,18,194880,4060,0,0,55
9,4,0,6,19,210120,3964,0,0,59
10,8,0,8,17,239280,4055,0,0,67
11,7,0,11,14,253980,4031,0,0,74
12,5,0,4,21,301380,4018,0,0,79
13,11,0,10,15,313440,3918,0,0,90
14,2,0,5,20,351480,4040,0,0,92
15,6,0,6,19,364080,3957,0,0,98
16,8,0,8,17,396660,4047,0,0,106
17,7,0,5,20,425100,3936,0,0,113
18,8,0,5,20,449640,3876,0,0,121
19,4,0,2,23,476340,3872,0,0,125
20,6,0,7,18,477720,3852,0,0,131
21,14,0,15,10,492900,3791,0,0,145
22,2,0,9,16,526680,3816,0,0,147
23,9,0,4,21,589320,3877,0,0,156
24,4,0,4,21,594120,3808,0,0,160
25,6,0,6,19,612300,3826,0,0,166
26,9,0,10,15,627780,3804,0,0,175
27,12,0,10,15,677700,3828,0,0,187
28,5,0,5,20,706920,3780,0,0,192
29,7,0,6,19,725280,3757,0,0,199
30,6,0,6,19,739740,3717,0,0,205
31,11,0,11,14,765000,3731,0,0,216
32,9,0,13,12,788100,3717,0,0,225
33,9,0,10,15,842640,3761,0,0,234
34,12,0,11,14,891840,3795,0,0,246
35,7,0,6,19,933660,3780,0,0,253
36,8,0,7,18,954060,3756,0,0,261
37,7,0,6,19,969480,3700,0,0,268
38,7,0,7,18,994200,3709,0,0,275
39,10,0,10,15,1021080,3713,0,0,285
40,9,0,14,11,1038060,3707,0,0,294
41,10,0,13,12,1095180,3763,0,0,304
42,6,0,7,18,1148640,3790,0,0,310
43,5,0,7,18,1173240,3809,0,0,315
44,9,0,8,17,1209120,3826,0,0,324
45,3,0,5,20,1229760,3819,0,0,327
46,2,0,2,23,1265820,3871,0,0,329
47,3,0,2,23,1268520,3844,0,0,332
48,4,0,3,22,1275300,3829,0,0,336
49,7,0,3,22,1290840,3796,0,0,343
50,1,0,3,22,1294200,3795,0,0,344
51,5,0,5,20,1306740,3798,0,0,349
52,11,0,8,17,1324920,3763,0,0,360
53,4,0,6,19,1350720,3772,0,0,364
54,6,0,6,19,1376760,3782,0,0,370
55,5,0,4,21,1401000,3776,0,0,375
56,4,0,4,21,1413540,3769,0,0,379
57,5,0,6,19,1425180,3770,0,0,384
58,8,0,9,16,1444320,3771,0,0,392
59,12,0,16,9,1466340,3779,0,0,404
60,9,0,12,13,1521600,3794,0,0,413
61,6,0,7,18,1563780,3795,0,0,419
62,12,0,7,18,1599900,3773,0,0,431
63,7,0,8,17,1619940,3767,0,0,438
64,10,0,12,13,1643940,3770,0,0,448
65,8,0,14,11,1666560,3770,0,0,456
66,10,0,7,18,1735380,3780,0,0,466
67,6,0,6,19,1762620,3782,0,0,472
68,6,0,5,20,1790280,3784,0,0,478
69,4,0,3,22,1815420,3790,0,0,482
70,9,0,7,18,1825200,3771,0,0,491
71,5,0,5,20,1850940,3769,0,0,496
72,2,0,3,22,1872600,3783,0,0,498
73,7,0,6,19,1882140,3771,0,0,505
74,4,0,6,19,1894020,3765,0,0,509
75,5,0,6,19,1915980,3771,0,0,514
76,7,0,7,18,1935120,3764,0,0,521
77,1,0,1,24,1968960,3779,0,0,522
78,11,0,10,15,1974240,3774,0,0,533
79,5,0,11,14,1986660,3769,0,0,538
80,4,0,8,17,2027640,3797,0,0,542
81,11,0,9,16,2067180,3799,0,0,553
82,6,0,6,19,2101800,3800,0,0,559
83,4,0,6,19,2116800,3800,0,0,563
84,8,0,7,18,2152920,3817,0,0,571
85,12,0,12,13,2166660,3794,0,0,583
86,4,0,6,19,2209320,3802,0,0,587
87,8,0,8,17,2235480,3808,0,0,595
88,9,0,8,17,2269680,3808,0,0,604
89,13,0,10,15,2313060,3810,0,0,617
90,6,0,10,15,2340360,3817,0,0,623
91,8,0,9,16,2383140,3831,0,0,631
92,5,0,6,19,2413200,3830,0,0,636
93,11,0,9,16,2446200,3834,0,0,647
94,5,0,7,18,2460660,3814,0,0,652
95,12,0,12,13,2485620,3812,0,0,664
96,4,0,7,18,2519340,3811,0,0,668
97,5,0,4,21,2555940,3820,0,0,673
98,8,0,6,19,2571780,3810,0,0,681
99,2,0,4,21,2589300,3813,0,0,683
100,5,0,6,19,2599860,3812,0,0,688
101,4,0,8,17,2617380,3826,0,0,692
102,5,0,6,19,2653920,3840,0,0,697
103,9,0,8,17,2673060,3829,0,0,706
104,1,0,4,21,2702520,3844,0,0,707
105,8,0,4,21,2730360,3840,0,0,715
106,5,0,5,20,2743320,3836,0,0,720
107,17,0,11,14,2761680,3803,0,0,737
108,9,0,14,11,2782320,3800,0,0,746
109,7,0,4,21,2847720,3802,0,0,753
110,11,0,9,16,2864520,3794,0,0,764
111,10,0,11,14,2892660,3791,0,0,774
112,11,0,10,15,2935320,3787,0,0,785
113,5,0,8,17,2955180,3779,0,0,790
114,6,0,4,21,2996160,3783,0,0,796
115,6,0,6,19,3013800,3786,0,0,802
116,13,0,9,16,3038580,3769,0,0,815
117,4,0,7,18,3058500,3766,0,0,819
118,4,0,5,20,3094920,3783,0,0,823
119,4,0,7,18,3103740,3785,0,0,827
120,6,0,5,20,3142440,3795,0,0,833
121,3,0,2,23,3158040,3786,0,0,836
122,3,0,5,20,3158040,3786,0,0,839
123,10,0,11,14,3172260,3785,0,0,849
124,6,0,6,19,3207900,3778,0,0,855
125,4,0,7,18,3220440,3779,0,0,859
126,6,0,6,19,3247920,3781,0,0,865
127,6,0,10,15,3270180,3798,0,0,871
128,11,0,13,12,3301980,3799,0,0,882
129,4,0,4,21,3370740,3821,0,0,886
130,8,0,7,18,3388440,3820,0,0,894
131,10,0,11,14,3410340,3818,0,0,904
132,14,0,19,6,3424740,3809,0,0,918
133,11,0,14,11,3489960,3814,0,0,929
134,9,0,9,16,3558900,3830,0,0,938
135,7,0,7,18,3597120,3834,0,0,945
136,5,0,7,18,3616740,3835,0,0,950
137,7,0,9,16,3645840,3845,0,0,957
138,3,0,6,19,3674160,3851,0,0,960
139,8,0,10,15,3698460,3860,0,0,968
140,6,0,10,15,3711120,3849,0,0,974
141,7,0,8,17,3754320,3858,0,0,981
142,3,0,4,21,3791820,3869,0,0,984
143,4,0,2,23,3810840,3864,0,0,988
144,2,0,1,24,3818760,3861,0,0,990
145,3,0,3,22,3821280,3859,0,0,993
146,8,0,9,16,3823980,3854,0,0,1001
147,3,0,5,20,3858480,3862,0,0,1004
148,4,0,3,22,3889440,3870,0,0,1008
149,6,0,6,19,3897420,3866,0,0,1014
150,7,0,4,21,3926880,3861,0,0,1021
151,6,0,5,20,3940020,3855,0,0,1027
152,6,0,6,19,3947460,3843,0,0,1033
153,11,0,11,14,3982080,3854,0,0,1044
154,5,0,4,21,4024080,3850,0,0,1049
155,6,0,5,20,4040940,3848,0,0,1055
156,17,0,13,12,4053960,3828,0,0,1072
157,8,0,10,15,4091280,3823,0,0,1080
158,7,0,8,17,4137240,3834,0,0,1087
159,4,0,5,20,4164240,3834,0,0,1091
160,8,0,7,18,4184940,3832,0,0,1099
161,9,0,10,15,4200180,3825,0,0,1108
162,4,0,7,18,4233180,3830,0,0,1112
163,10,0,9,16,4276320,3842,0,0,1122
164,7,0,7,18,4301580,3833,0,0,1129
165,5,0,7,18,4320600,3833,0,0,1134
166,11,0,11,14,4337940,3825,0,0,1145
167,9,0,14,11,4362180,3826,0,0,1154
168,8,0,9,16,4425600,3838,0,0,1162
169,4,0,6,19,4456560,3841,0,0,1166
170,11,0,4,21,4490400,3828,0,0,1177
171,4,0,6,19,4509240,3837,0,0,1181
172,3,0,3,22,4534440,3839,0,0,1184
173,3,0,4,21,4548600,3844,0,0,1187
174,8,0,7,18,4559640,3838,0,0,1195
175,4,0,4,21,4583580,3835,0,0,1199
176,7,0,7,18,4598640,3835,0,0,1206
177,5,0,8,17,4608480,3830,0,0,1211
178,7,0,7,18,4645140,3835,0,0,1218
179,4,0,5,20,4664460,3832,0,0,1222
180,11,0,11,14,4687800,3836,0,0,1233
181,14,0,14,11,4715340,3824,0,0,1247
182,8,0,10,15,4760340,3823,0,0,1255
183,7,0,8,17,4802220,3829,0,0,1262
184,5,0,7,18,4829760,3833,0,0,1267
185,11,0,9,16,4861740,3831,0,0,1278
186,5,0,5,20,4893000,3828,0,0,1283
187,6,0,7,18,4911360,3831,0,0,1289
188,5,0,6,19,4931820,3829,0,0,1294
189,5,0,5,20,4957500,3831,0,0,1299
190,6,0,5,20,4971480,3824,0,0,1305
191,4,0,3,22,4987920,3819,0,0,1309
192,1,0,2,23,4995060,3818,0,0,1310
193,1,0,1,24,5006520,3821,0,0,1311
194,2,0,3,22,5006520,3821,0,0,1313
195,2,0,3,22,5012640,3820,0,0,1315
196,3,0,2,23,5025300,3818,0,0,1318
197,6,0,5,20,5033160,3815,0,0,1324
198,6,0,7,18,5043180,3811,0,0,1330
199,9,0,9,16,5064840,3808,0,0,1339
200,11,0,11,14,5089140,3800,0,0,1350
201,11,0,9,16,5139660,3801,0,0,1361
202,11,0,9,16,5173740,3795,0,0,1372
203,8,0,9,16,5206800,3797,0,0,1380
204,13,0,10,15,5242140,3790,0,0,1393
205,5,0,9,16,5253240,3782,0,0,1398
206,9,0,8,17,5298660,3787,0,0,1407
207,6,0,7,18,5333580,3793,0,0,1413
208,9,0,10,15,5360580,3796,0,0,1422
209,8,0,9,16,5388480,3792,0,0,1430
210,4,0,6,19,5409060,3787,0,0,1434
211,8,0,4,21,5442000,3784,0,0,1442
212,7,0,7,18,5454960,3782,0,0,1449
213,6,0,8,17,5472300,3781,0,0,1455
214,7,0,10,15,5495100,3784,0,0,1462
215,2,0,5,20,5535600,3794,0,0,1464
216,3,0,5,20,5559060,3802,0,0,1467
217,7,0,7,18,5581500,3804,0,0,1474
218,3,0,3,22,5608260,3804,0,0,1477
219,7,0,7,18,5621640,3806,0,0,1484
220,5,0,7,18,5635440,3802,0,0,1489
221,4,0,5,20,5662680,3805,0,0,1493
222,4,0,6,19,5680080,3809,0,0,1497
223,6,0,5,20,5710920,3812,0,0,1503
224,4,0,5,20,5730840,3815,0,0,1507
225,5,0,6,19,5749560,3817,0,0,1512
226,9,0,9,16,5774940,3819,0,0,1521
227,8,0,9,16,5800500,3816,0,0,1529
228,5,0,6,19,5839680,3821,0,0,1534
229,5,0,6,19,5862000,3823,0,0,1539
230,11,0,11,14,5879940,3820,0,0,1550
231,6,0,2,23,5935080,3819,0,0,1556
232,9,0,6,19,5958000,3821,0,0,1565
233,4,0,7,18,5968560,3821,0,0,1569
234,12,0,11,14,5994360,3818,0,0,1581
235,9,0,7,18,6048060,3820,0,0,1590
236,6,0,7,18,6061740,3814,0,0,1596
237,7,0,6,19,6084960,3810,0,0,1603
238,5,0,3,22,6113520,3809,0,0,1608
239,6,0,7,18,6122040,3809,0,0,1614
240,6,0,3,22,6149400,3802,0,0,1620
241,4,0,3,22,6162240,3801,0,0,1624
242,6,0,5,20,6173460,3799,0,0,1630
243,5,0,7,18,6186240,3799,0,0,1635
244,2,0,4,21,6198240,3795,0,0,1637
245,2,0,3,22,6218160,3800,0,0,1639
246,5,0,6,19,6227460,3801,0,0,1644
247,6,0,6,19,6239340,3795,0,0,1650
248,6,0,3,22,6269340,3792,0,0,1656
249,10,0,8,17,6281940,3788,0,0,1666
250,8,0,9,16,6302700,3785,0,0,1674
251,8,0,9,16,6334380,3786,0,0,1682
252,6,0,7,18,6367740,3788,0,0,1688
253,8,0,7,18,6397260,3787,0,0,1696
254,10,0,9,16,6421800,3784,0,0,1706
255,5,0,8,17,6440220,3781,0,0,1711
256,6,0,9,16,6464280,3784,0,0,1717
257,3,0,4,21,6502620,3789,0,0,1720
258,9,0,8,17,6515520,3785,0,0,1729
259,5,0,7,18,6533820,3783,0,0,1734
260,5,0,4,21,6568020,3785,0,0,1739
261,6,0,6,19,6579120,3783,0,0,1745
262,7,0,8,17,6592560,3780,0,0,1752
263,4,0,3,22,6620400,3776,0,0,1756
264,5,0,4,21,6635400,3776,0,0,1761
265,3,0,2,23,6646980,3772,0,0,1764
266,6,0,4,21,6656820,3769,0,0,1770
267,5,0,4,21,6666420,3764,0,0,1775
268,4,0,6,19,6672840,3763,0,0,1779
269,6,0,7,18,6699240,3767,0,0,1785
270,3,0,4,21,6731940,3773,0,0,1788
271,4,0,6,19,6737460,3772,0,0,1792
272,9,0,9,16,6748860,3766,0,0,1801
273,4,0,7,18,6775980,3768,0,0,1805
274,9,0,7,18,6820740,3774,0,0,1814
275,12,0,9,16,6841800,3765,0,0,1826
276,10,0,11,14,6861600,3759,0,0,1836
277,6,0,8,17,6895020,3759,0,0,1842
278,10,0,10,15,6936300,3765,0,0,1852
279,7,0,8,17,6967980,3764,0,0,1859
280,12,0,10,15,7001040,3761,0,0,1871
281,12,0,14,11,7041600,3767,0,0,1883
282,13,0,9,16,7102320,3763,0,0,1896
283,4,0,6,19,7125840,3762,0,0,1900
284,4,0,4,21,7152840,3764,0,0,1904
285,2,0,1,24,7185360,3771,0,0,1906
286,2,0,1,24,7188840,3769,0,0,1908
287,3,0,2,23,7190880,3766,0,0,1911
288,3,0,4,21,7194480,3766,0,0,1914
289,4,0,5,20,7214340,3771,0,0,1918
290,5,0,5,20,7225440,3767,0,0,1923
291,2,0,3,22,7245900,3769,0,0,1925
292,7,0,3,22,7262460,3764,0,0,1932
293,5,0,5,20,7268340,3762,0,0,1937
294,6,0,9,16,7279800,3764,0,0,1943
295,12,0,17,8,7294080,3763,0,0,1955
296,8,0,13,12,7356480,3772,0,0,1963
297,3,0,3,22,7407480,3773,0,0,1966
298,7,0,5,20,7428180,3774,0,0,1973
299,7,0,5,20,7441920,3768,0,0,1980
300,10,0,5,20,7469520,3762,0,0,1990
301,10,0,7,18,7486140,3756,0,0,2000
302,13,0,12,13,7510380,3753,0,0,2013
303,6,0,7,18,7546200,3750,0,0,2019
304,11,0,11,14,7569000,3748,0,0,2030
305,7,0,8,17,7606020,3748,0,0,2037
306,9,0,9,16,7626600,3744,0,0,2046
307,4,0,9,16,7646520,3746,0,0,2050
308,7,0,7,18,7696740,3754,0,0,2057
309,6,0,7,18,7716360,3753,0,0,2063
310,5,0,6,19,7744440,3755,0,0,2068
311,4,0,4,21,7764960,3754,0,0,2072
312,4,0,4,21,7781460,3755,0,0,2076
313,2,0,4,21,7789920,3755,0,0,2078
314,4,0,4,21,7809060,3757,0,0,2082
315,1,0,3,22,7824060,3761,0,0,2083
316,6,0,7,18,7830420,3761,0,0,2089
317,2,0,2,23,7858200,3761,0,0,2091
318,9,0,8,17,7861680,3757,0,0,2100
319,2,0,3,22,7886700,3757,0,0,2102
320,8,0,10,15,7887660,3756,0,0,2110
321,10,0,12,13,7924020,3759,0,0,2120
322,10,0,10,15,7963200,3756,0,0,2130
323,10,0,11,14,7999860,3757,0,0,2140
324,8,0,7,18,8048700,3759,0,0,2148
325,7,0,8,17,8072820,3760,0,0,2155
326,8,0,6,19,8105520,3757,0,0,2163
327,7,0,7,18,8121420,3754,0,0,2170
328,7,0,8,17,8156700,3760,0,0,2177
329,5,0,8,17,8181780,3763,0,0,2182
330,11,0,5,20,8221920,3757,0,0,2193
331,9,0,7,18,8245080,3756,0,0,2202
332,10,0,7,18,8275080,3752,0,0,2212
333,7,0,3,22,8304540,3747,0,0,2219
334,5,0,3,22,8327880,3749,0,0,2224
335,8,0,6,19,8335800,3744,0,0,2232
336,5,0,5,20,8355120,3743,0,0,2237
337,5,0,6,19,8370780,3743,0,0,2242
338,4,0,4,21,8397600,3745,0,0,2246
339,7,0,5,20,8410680,3741,0,0,2253
340,6,0,9,16,8419680,3742,0,0,2259
341,7,0,7,18,8448240,3739,0,0,2266
342,6,0,4,21,8485380,3741,0,0,2272
343,6,0,6,19,8500320,3741,0,0,2278
344,10,0,6,19,8531940,3738,0,0,2288
345,12,0,10,15,8554380,3735,0,0,2300
346,14,0,16,9,8582760,3734,0,0,2314
347,10,0,10,15,8640360,3733,0,0,2324
348,8,0,8,17,8685720,3737,0,0,2332
349,8,0,9,16,8713320,3738,0,0,2340
350,3,0,6,19,8742960,3741,0,0,2343
351,8,0,8,17,8767800,3742,0,0,2351
352,11,0,10,15,8800680,3741,0,0,2362
353,7,0,9,16,8827380,3740,0,0,2369
354,9,0,8,17,8864280,3740,0,0,2378
355,6,0,10,15,8879400,3740,0,0,2384
356,5,0,6,19,8917140,3741,0,0,2389
357,4,0,4,21,8950920,3746,0,0,2393
358,2,0,3,22,8959800,3745,0,0,2395
359,6,0,5,20,8968980,3743,0,0,2401
360,5,0,7,18,8983020,3744,0,0,2406
361,5,0,8,17,8996280,3743,0,0,2411
362,0,0,1,24,9033840,3748,0,0,2411
363,4,0,2,23,9039420,3746,0,0,2415
364,1,0,1,24,9052860,3748,0,0,2416
365,2,0,3,22,9052860,3748,0,0,2418
366,8,0,9,16,9056640,3747,0,0,2426
367,7,0,5,20,9085860,3742,0,0,2433
368,7,0,7,18,9102120,3741,0,0,2440
369,7,0,8,17,9125100,3741,0,0,2447
370,8,0,8,17,9148860,3738,0,0,2455
371,1,0,3,22,9180300,3742,0,0,2456
372,13,0,7,18,9203940,3738,0,0,2469
373,6,0,6,19,9223500,3735,0,0,2475
374,5,0,6,19,9239760,3734,0,0,2480
375,17,0,10,15,9275760,3729,0,0,2497
376,9,0,11,14,9307860,3730,0,0,2506
377,9,0,10,15,9348960,3732,0,0,2515
378,3,0,2,23,9388200,3731,0,0,2518
379,7,0,6,19,9391980,3728,0,0,2525
380,4,0,3,22,9413400,3726,0,0,2529
381,4,0,5,20,9422100,3727,0,0,2533
382,4,0,4,21,9443220,3728,0,0,2537
383,2,0,1,24,9465840,3729,0,0,2539
384,4,0,4,21,9466560,3728,0,0,2543
385,5,0,6,19,9477900,3728,0,0,2548
386,4,0,8,17,9493560,3731,0,0,2552
387,8,0,12,13,9513180,3733,0,0,2560
388,7,0,9,16,9555960,3735,0,0,2567
389,5,0,7,18,9590460,3738,0,0,2572
390,9,0,10,15,9605520,3736,0,0,2581
391,7,0,8,17,9639360,3736,0,0,2588
392,9,0,9,16,9675180,3738,0,0,2597
393,8,0,7,18,9713040,3738,0,0,2605
394,2,0,4,21,9732180,3738,0,0,2607
395,8,0,8,17,9747840,3739,0,0,2615
396,12,0,15,10,9753540,3734,0,0,2627
397,18,3,18,7,9811380,3739,3420,1,2645
398,11,0,16,9,9878520,3741,10320,3,2656
399,9,0,14,11,9933360,3747,10320,3,2665
400,5,0,7,18,9987720,3750,10320,3,2670
401,6,0,6,19,10018560,3752,10320,3,2676
402,4,0,2,23,10052700,3753,10320,3,2680
403,8,0,8,17,10059000,3753,10320,3,2688
404,6,0,8,17,10078380,3752,10320,3,2694
405,7,0,9,16,10103280,3753,10320,3,2701
406,2,0,4,21,10131060,3753,10320,3,2703
407,9,0,6,19,10146540,3749,10320,3,2712
408,4,0,3,22,10170780,3748,10320,3,2716
409,4,0,5,20,10182540,3750,10320,3,2720
410,12,0,12,13,10195560,3748,10320,3,2732
411,4,0,9,16,10222440,3748,10320,3,2736
412,5,0,4,21,10267860,3751,10320,3,2741
413,6,0,6,19,10274580,3748,10320,3,2747
414,6,0,4,21,10300320,3746,10320,3,2753
415,7,0,4,21,10317480,3743,10320,3,2760
416,11,0,10,15,10324200,3739,10320,3,2771
417,4,0,5,20,10372080,3744,10320,3,2775
418,9,0,6,19,10390620,3740,10320,3,2784
419,9,0,7,18,10409820,3736,10320,3,2793
420,4,0,8,17,10424220,3737,10320,3,2797
421,10,0,10,15,10441560,3733,10320,3,2807
422,9,0,8,17,10491420,3736,10320,3,2816
423,6,0,7,18,10527240,3739,10320,3,2822
424,9,0,8,17,10552920,3738,10320,3,2831
425,8,0,11,14,10577220,3740,10320,3,2839
426,7,0,9,16,10613940,3741,10320,3,2846
427,2,0,2,23,10650660,3742,10320,3,2848
428,4,0,2,23,10673100,3744,10320,3,2852
429,7,0,8,17,10673820,3743,10320,3,2859
430,6,0,6,19,10697460,3741,10320,3,2865
431,7,0,7,18,10715280,3740,10320,3,2872
432,3,0,1,24,10753620,3741,10320,3,2875
433,5,0,4,21,10758840,3740,10320,3,2880
434,6,0,8,17,10761180,3739,10320,3,2886
435,3,0,5,20,10793520,3742,10320,3,2889
436,3,0,3,22,10811820,3742,10320,3,2892
437,5,0,4,21,10818720,3739,10320,3,2897
438,9,0,9,16,10826460,3737,10320,3,2906
439,6,0,6,19,10850220,3733,10320,3,2912
440,4,0,2,23,10868820,3729,10320,3,2916
441,3,0,3,22,10885140,3732,10320,3,2919
442,13,0,9,16,10898100,3728,10320,3,2932
443,7,0,7,18,10915020,3722,10320,3,2939
444,3,0,4,21,10939020,3723,10320,3,2942
445,6,0,6,19,10956660,3724,10320,3,2948
446,7,0,6,19,10979220,3723,10320,3,2955
447,9,0,8,17,10999260,3720,10320,3,2964
448,11,0,9,16,11023560,3716,10320,3,2975
449,7,0,10,15,11041620,3715,10320,3,2982
450,7,0,6,19,11087460,3716,10320,3,2989
451,6,0,4,21,11109660,3714,10320,3,2995
452,9,0,7,18,11129520,3713,10320,3,3004
453,10,0,11,14,11142180,3710,10320,3,3014
454,2,0,4,21,11179320,3711,10320,3,3016
455,9,0,8,17,11199360,3712,10320,3,3025
456,2,0,4,21,11220120,3711,10320,3,3027
457,2,0,3,22,11239020,3714,10320,3,3029
458,4,0,3,22,11248140,3712,10320,3,3033
459,4,0,6,19,11253180,3712,10320,3,3037
460,6,0,5,20,11277720,3712,10320,3,3043
461,4,0,2,23,11291340,3708,10320,3,3047
462,6,0,8,17,11291340,3708,10320,3,3053
463,4,0,6,19,11312820,3707,10320,3,3057
464,10,0,11,14,11330280,3707,10320,3,3067
465,9,0,9,16,11366100,3705,10320,3,3076
466,7,0,11,14,11381460,3704,10320,3,3083
467,14,0,11,14,11444400,3708,10320,3,3097
468,10,0,11,14,11466720,3703,10320,3,3107
469,9,0,11,14,11501280,3704,10320,3,3116
470,22,0,17,8,11556180,3702,11100,3,3138
471,11,0,19,6,11597040,3705,11100,3,3149
472,5,0,7,18,11675460,3710,11100,3,3154
473,9,0,7,18,11715840,3712,11100,3,3163
474,6,0,7,18,11731140,3710,11100,3,3169
475,7,0,9,16,11757240,3712,11100,3,3176
476,4,0,7,18,11785920,3714,11100,3,3180
477,2,0,1,24,11816040,3714,11100,3,3182
478,4,0,4,21,11819160,3714,11100,3,3186
479,8,0,8,17,11826540,3712,11100,3,3194
480,6,0,4,21,11866140,3712,11100,3,3200
481,3,0,3,22,11886900,3714,11100,3,3203
482,5,0,5,20,11891520,3712,11100,3,3208
483,2,0,3,22,11905380,3712,11100,3,3210
484,7,0,7,18,11925000,3714,11100,3,3217
485,8,0,8,17,11942100,3712,11100,3,3225
486,2,0,2,23,11982300,3715,11100,3,3227
487,3,0,3,22,11986620,3714,11100,3,3230
488,7,0,5,20,12005460,3714,11100,3,3237
489,5,0,6,19,12022260,3715,11100,3,3242
490,8,0,7,18,12044400,3713,11100,3,3250
491,8,0,9,16,12069120,3714,11100,3,3258
492,3,0,6,19,12098460,3716,11100,3,3261
493,8,0,7,18,12129420,3718,11100,3,3269
494,10,0,10,15,12140700,3713,11100,3,3279
495,7,0,11,14,12161040,3713,11100,3,3286
496,4,0,6,19,12211440,3718,11100,3,3290
497,11,0,10,15,12236880,3718,11100,3,3301
498,4,0,7,18,12265800,3719,11100,3,3305
499,5,0,5,20,12294480,3719,11100,3,3310
500,7,0,5,20,12307920,3716,11100,3,3317
501,8,0,7,18,12327000,3715,11100,3,3325
502,4,0,6,19,12352080,3717,11100,3,3329
503,6,0,6,19,12387300,3721,11100,3,3335
504,0,0,5,20,12393000,3721,11100,3,3335
505,8,0,6,19,12420540,3722,11100,3,3343
506,4,0,7,18,12435960,3723,11100,3,3347
507,6,0,8,17,12461820,3725,11100,3,3353
508,3,0,5,20,12494220,3728,11100,3,3356
509,6,0,6,19,12518040,3730,11100,3,3362
510,5,0,5,20,12542580,3730,11100,3,3367
511,4,0,3,22,12570780,3732,11100,3,3371
512,4,0,3,22,12588540,3733,11100,3,3375
513,6,0,5,20,12598440,3731,11100,3,3381
514,6,0,7,18,12613020,3731,11100,3,3387
515,7,0,9,16,12641580,3734,11100,3,3394
516,9,0,7,18,12668700,3730,11100,3,3403
517,8,0,8,17,12693360,3730,11100,3,3411
518,10,0,11,14,12716160,3729,11100,3,3421
519,7,0,10,15,12745980,3729,11100,3,3428
520,13,0,11,14,12799140,3731,11100,3,3441
521,4,0,10,15,12822300,3732,11100,3,3445
522,7,0,8,17,12869640,3736,11100,3,3452
523,6,0,6,19,12903240,3737,11100,3,3458
524,10,0,7,18,12935340,3737,11100,3,3468
525,6,0,8,17,12954420,3737,11100,3,3474
526,3,0,5,20,12983580,3739,11100,3,3477
527,6,0,6,19,13008660,3741,11100,3,3483
528,2,0,4,21,13020540,3740,11100,3,3485
529,6,0,6,19,13041480,3742,11100,3,3491
530,2,0,4,21,13051140,3740,11100,3,3493
531,7,0,7,18,13071600,3742,11100,3,3500
532,3,0,4,21,13093740,3742,11100,3,3503
533,4,0,3,22,13106160,3740,11100,3,3507
534,4,0,7,18,13106160,3740,11100,3,3511
535,7,0,4,21,13145040,3740,11100,3,3518
536,11,0,12,13,13149360,3738,11100,3,3529
537,8,0,10,15,13179960,3736,11100,3,3537
538,10,0,7,18,13221360,3734,11100,3,3547
539,4,0,4,21,13241640,3733,11100,3,3551
540,11,0,9,16,13262400,3732,11100,3,3562
541,10,0,9,16,13284060,3728,11100,3,3572
542,5,0,4,21,13320900,3728,11100,3,3577
543,10,0,11,14,13332300,3728,11100,3,3587
544,11,0,8,17,13386420,3728,11100,3,3598
545,7,0,5,20,13420380,3727,11100,3,3605
546,4,0,5,20,13438200,3728,11100,3,3609
547,8,0,7,18,13457040,3727,11100,3,3617
548,7,0,5,20,13476960,3723,11100,3,3624
549,4,0,6,19,13494000,3725,11100,3,3628
550,7,0,4,21,13530180,3726,11100,3,3635
551,0,0,1,24,13542960,3726,11100,3,3635
552,6,0,4,21,13553580,3726,11100,3,3641
553,3,0,5,20,13565040,3727,11100,3,3644
554,7,0,7,18,13580340,3726,11100,3,3651
555,6,0,4,21,13616700,3727,11100,3,3657
556,5,0,7,18,13618800,3726,11100,3,3662
557,5,0,5,20,13648080,3726,11100,3,3667
558,4,0,3,22,13672740,3727,11100,3,3671
559,7,0,5,20,13683420,3725,11100,3,3678
560,8,0,9,16,13693980,3724,11100,3,3686
561,8,0,8,17,13717020,3721,11100,3,3694
562,8,0,9,16,13744380,3721,11100,2,3702
563,3,0,7,18,13764420,3722,11100,2,3705
564,7,0,5,20,13807680,3724,11100,2,3712
565,10,0,9,16,13821420,3722,11100,2,3722
566,12,0,7,18,13865100,3720,11100,2,3734
567,10,0,12,13,13886700,3720,11100,2,3744
568,7,0,16,9,13903140,3722,11100,2,3751
569,14,0,16,9,13964520,3724,11100,2,3765
570,6,0,8,17,14027640,3727,11100,2,3771
571,7,0,7,18,14061060,3728,11100,2,3778
572,7,0,9,16,14079300,3728,11100,2,3785
573,4,0,7,18,14103180,3729,11100,2,3789
574,6,0,5,20,14141100,3731,11100,2,3795
575,10,0,10,15,14160780,3731,11100,2,3805
576,9,0,8,17,14189460,3728,11100,2,3814
577,4,0,3,22,14210460,3724,11100,2,3818
578,4,0,3,22,14225640,3724,11100,2,3822
579,3,0,2,23,14239740,3724,11100,2,3825
580,6,0,6,19,14241240,3723,11100,2,3831
581,6,0,4,21,14262660,3721,11100,2,3837
582,6,0,4,21,14276220,3718,11100,2,3843
583,6,0,3,22,14298000,3717,11100,2,3849
584,10,0,11,14,14301780,3716,11100,2,3859
585,10,0,10,15,14327160,3712,11100,2,3869
586,12,0,11,14,14376180,3714,11100,2,3881
587,6,0,10,15,14408700,3716,11100,2,3887
588,9,0,11,14,14442240,3717,11100,2,3896
589,10,0,12,13,14474520,3717,11100,2,3906
590,18,0,16,9,14515380,3714,11100,2,3924
591,8,0,7,18,14580120,3714,11100,2,3932
592,4,0,6,19,14604180,3716,11100,2,3936
593,9,0,11,14,14631300,3719,11100,2,3945
594,6,0,8,17,14664720,3719,11100,2,3951
595,10,0,9,16,14693460,3717,11100,2,3961
596,6,0,8,17,14720880,3718,11100,2,3967
597,2,0,4,21,14744400,3718,11100,2,3969
598,3,0,4,21,14760960,3720,11100,2,3972
599,8,0,5,20,14780940,3718,11100,2,3980
600,3,0,3,22,14791320,3716,11100,2,3983
601,5,0,5,20,14806860,3717,11100,2,3988
602,7,0,7,18,14822700,3716,11100,2,3995
603,3,0,5,20,14843040,3717,11100,2,3998
604,6,0,7,18,14863440,3718,11100,2,4004
605,7,0,10,15,14874540,3717,11100,2,4011
606,4,0,5,20,14918280,3720,11100,2,4015
607,4,0,3,22,14947920,3722,11100,2,4019
608,7,0,5,20,14966700,3722,11100,2,4026
609,10,0,6,19,14982480,3717,11100,2,4036
610,8,0,9,16,14996520,3716,11100,2,4044
611,7,0,6,19,15033480,3716,11100,2,4051
612,10,0,7,18,15059880,3714,11100,2,4061
613,10,0,10,15,15085980,3714,11100,2,4071
614,8,0,8,17,15111480,3711,11100,2,4079
615,6,0,8,17,15138060,3713,11100,2,4085
616,8,0,10,15,15158880,3712,11100,2,4093
617,9,0,11,14,15188040,3712,11100,2,4102
618,8,0,11,14,15223800,3714,11100,2,4110
619,7,0,9,16,15267960,3716,11100,2,4117
620,3,0,3,22,15302760,3716,11100,2,4120
621,5,0,4,21,15324660,3718,11100,2,4125
622,5,0,6,19,15339300,3719,11100,2,4130
623,1,0,2,23,15360300,3720,11100,2,4131
624,6,0,6,19,15366720,3719,11100,2,4137
625,6,0,7,18,15380100,3718,11100,2,4143
626,8,0,8,17,15409860,3719,11100,2,4151
627,2,0,5,20,15429780,3719,11100,2,4153
628,5,0,5,20,15451980,3720,11100,2,4158
629,7,0,5,20,15479820,3721,11100,2,4165
630,6,0,6,19,15499380,3721,11100,2,4171
631,5,0,5,20,15522720,3721,11100,2,4176
632,5,0,6,19,15539700,3722,11100,2,4181
633,7,0,5,20,15561720,3720,11100,2,4188
634,10,0,7,18,15596640,3721,11100,2,4198
635,12,0,13,12,15608160,3718,11100,2,4210
636,8,0,5,20,15672900,3720,11100,2,4218
637,10,0,6,19,15704940,3719,11100,2,4228
638,6,0,7,18,15716940,3718,11100,2,4234
639,14,0,11,14,15742800,3715,11100,2,4248
640,3,0,5,20,15788040,3718,11100,2,4251
641,8,0,9,16,15813000,3720,11100,2,4259
642,8,0,11,14,15829860,3719,11100,2,4267
643,9,0,6,19,15891060,3721,11100,2,4276
644,7,0,6,19,15921840,3722,11100,2,4283
645,6,0,7,18,15934020,3721,11100,2,4289
646,4,0,6,19,15958680,3722,11100,2,4293
647,6,0,5,20,15972360,3719,11100,2,4299
648,2,0,2,23,16006320,3723,11100,2,4301
649,4,0,1,24,16025280,3723,11100,2,4305
650,5,0,3,22,16027380,3721,11100,2,4310
651,0,0,0,25,16038420,3721,11100,2,4310
652,1,0,0,25,16040340,3720,11100,2,4311
653,5,0,3,22,16042920,3719,11100,2,4316
654,8,0,10,15,16043640,3718,11100,2,4324
655,7,0,5,20,16080480,3717,11100,2,4331
656,5,0,5,20,16094160,3716,11100,2,4336
657,7,0,4,21,16128600,3717,11100,2,4343
658,6,0,7,18,16137540,3716,11100,2,4349
659,11,0,9,16,16162440,3714,11100,2,4360
660,7,0,11,14,16193940,3717,11100,2,4367
661,9,0,10,15,16235340,3718,11100,2,4376
662,9,0,7,18,16283280,3719,11100,2,4385
663,13,0,12,13,16320540,3721,11100,2,4398
664,8,0,14,11,16349520,3722,11100,2,4406
665,6,0,6,19,16411980,3724,11100,2,4412
666,9,0,11,14,16432380,3726,11100,2,4421
667,8,0,10,15,16458600,3724,11100,2,4429
668,9,0,10,15,16495500,3725,11100,2,4438
669,5,0,5,20,16534740,3725,11100,2,4443
670,6,0,6,19,16566300,3728,11100,2,4449
671,5,0,6,19,16578300,3727,11100,2,4454
672,7,0,8,17,16597680,3727,11100,2,4461
673,3,0,9,16,16600200,3726,11100,2,4464
674,4,0,12,13,16600920,3725,11100,2,4468
675,3,0,12,13,16611600,3725,11100,2,4471
676,0,0,9,16,16627800,3726,11100,2,4471
677,5,0,10,15,16645320,3727,11100,2,4476
678,6,0,15,10,16646280,3726,11100,2,4482
679,9,0,15,10,16671900,3724,11100,2,4491
680,8,0,16,9,16702680,3725,11100,2,4499
681,8,0,17,8,16735020,3727,11100,2,4507
682,7,0,14,11,16767720,3726,11100,2,4514
683,10,0,13,12,16803780,3725,11100,2,4524
684,10,0,17,8,16815480,3722,11100,2,4534
685,11,0,20,5,16844940,3722,11100,2,4545
686,4,0,15,10,16882260,3723,11100,2,4549
687,12,0,12,13,16934460,3722,11100,2,4561
688,8,0,16,9,16941660,3720,11100,2,4569
689,10,0,16,9,16968840,3718,11100,2,4579
690,8,0,15,10,17012940,3721,11100,2,4587
691,6,0,13,12,17033220,3719,11100,2,4593
692,7,0,16,9,17046720,3718,11100,2,4600
693,8,0,16,9,17082600,3720,11100,2,4608
694,4,0,13,12,17107860,3719,11100,2,4612
695,3,0,12,13,17139540,3723,11100,2,4615
696,3,0,10,15,17163540,3724,11100,2,4618
697,4,0,10,15,17173500,3723,11100,2,4622
698,7,0,14,11,17183280,3723,11100,2,4629
699,9,0,15,10,17199900,3720,11100,2,4638
700,6,0,12,13,17234280,3720,11100,2,4644
701,2,0,9,16,17259180,3722,11100,2,4646
702,9,0,16,9,17267340,3722,11100,2,4655
703,6,0,13,12,17290200,3719,11100,2,4661
704,3,0,12,13,17319480,3723,11100,2,4664
705,5,0,12,13,17336700,3722,11100,2,4669
706,5,0,11,14,17360760,3723,11100,2,4674
707,9,0,14,11,17374860,3721,11100,2,4683
708,9,0,13,12,17406360,3720,11100,2,4692
709,10,0,16,9,17426160,3718,11100,2,4702
710,13,0,21,4,17447940,3717,11100,2,4715
711,13,0,19,6,17491680,3714,11100,2,4728
712,7,0,16,9,17535720,3715,11100,2,4735
713,7,0,14,11,17570280,3716,11100,2,4742
714,3,0,12,13,17591280,3716,11100,2,4745
715,5,0,12,13,17603460,3715,11100,2,4750
716,9,0,16,9,17625060,3716,11100,2,4759
717,2,0,10,15,17665200,3718,11100,2,4761
718,6,0,13,12,17680920,3719,11100,2,4767
719,8,0,13,12,17705160,3718,11100,2,4775
720,8,0,13,12,17725560,3716,11100,2,4783
721,4,0,14,11,17738040,3716,11100,2,4787
722,3,0,10,15,17767080,3716,11100,2,4790
723,4,0,10,15,17781480,3716,11100,2,4794
724,7,0,14,11,17784600,3715,11100,2,4801
725,4,0,13,12,17799060,3714,11100,2,4805
726,6,0,12,13,17830680,3715,11100,2,4811
727,9,0,13,12,17846160,3712,11100,2,4820
728,3,0,10,15,17870580,3712,11100,2,4823
729,6,0,14,11,17882100,3713,11100,2,4829
730,12,0,19,6,17902980,3712,11100,2,4841
731,6,0,14,11,17937780,3711,11100,2,4847
732,7,0,15,10,17967480,3713,11100,2,4854
733,13,0,18,7,18012720,3714,11100,2,4867
734,4,0,16,9,18034380,3714,11100,2,4871
735,9,0,15,10,18086160,3717,11100,2,4880
736,10,0,18,7,18098580,3714,11100,2,4890
737,10,0,15,10,18146280,3714,11100,2,4900
738,10,0,20,5,18161640,3714,11100,2,4910
739,7,0,17,8,18213480,3717,11100,2,4917
740,0,0,10,15,18254340,3720,11100,2,4917
741,2,0,9,16,18270300,3721,11100,2,4919
742,4,0,10,15,18285060,3721,11100,2,4923
743,2,0,8,17,18297240,3721,11100,2,4925
744,6,0,12,13,18301080,3720,11100,2,4931
745,4,0,12,13,18312360,3719,11100,2,4935
746,3,0,11,14,18321840,3718,11100,2,4938
747,6,0,13,12,18343860,3720,11100,2,4944
748,6,0,14,11,18362760,3720,11100,2,4950
749,11,0,14,11,18396780,3718,11100,2,4961
750,4,0,11,14,18421260,3718,11100,2,4965
751,12,0,16,9,18433260,3715,11100,2,4977
752,8,0,14,11,18468720,3715,11100,2,4985
753,9,0,20,5,18476940,3714,11100,2,4994
754,4,0,13,12,18532260,3717,11100,2,4998
755,7,0,14,11,18572160,3721,11100,2,5005
756,10,0,11,14,18602040,3717,11100,2,5015
757,14,0,19,6,18611280,3714,11100,2,5029
758,9,0,15,10,18645960,3712,11100,2,5038
759,11,0,19,6,18674700,3712,11100,2,5049
760,8,0,17,8,18714540,3713,11100,2,5057
761,5,0,11,14,18754200,3712,11100,2,5062
762,8,0,18,7,18756780,3712,11100,2,5070
763,12,0,18,7,18797400,3711,11100,2,5082
764,5,0,12,13,18843180,3712,11100,2,5087
765,6,0,15,10,18853860,3712,11100,2,5093
766,9,0,16,9,18872400,3710,11100,2,5102
767,10,0,17,8,18921480,3713,11100,2,5112
768,5,0,16,9,18939180,3712,11100,2,5117
769,6,0,11,14,18979440,3712,11100,2,5123
770,2,0,8,17,18997920,3712,11100,2,5125
771,7,0,14,11,18999060,3712,11100,2,5132
772,11,0,17,8,19019880,3710,11100,2,5143
773,7,0,18,7,19051260,3712,11100,2,5150
774,6,0,15,10,19092180,3713,11100,2,5156
775,3,0,11,14,19128180,3715,11100,2,5159
776,9,0,15,10,19151220,3716,11100,2,5168
777,6,0,14,11,19173240,3715,11100,2,5174
778,6,0,13,12,19190460,3714,11100,2,5180
779,8,0,14,11,19215600,3713,11100,2,5188
780,13,0,16,9,19243080,3711,11100,2,5201
781,6,0,15,10,19268580,3711,11100,2,5207
782,12,0,19,6,19291380,3709,11100,2,5219
783,9,0,12,13,19352880,3710,11100,2,5228
784,9,0,16,9,19368900,3709,11100,2,5237
785,10,0,16,9,19403820,3709,11100,2,5247
786,7,0,12,13,19433100,3707,11100,2,5254
787,8,0,13,12,19456860,3706,11100,2,5262
788,7,0,18,7,19460280,3706,11100,2,5269
789,9,0,16,9,19510800,3707,11100,2,5278
790,6,0,11,14,19541400,3705,11100,2,5284
791,2,0,8,17,19567020,3707,11100,2,5286
792,6,0,12,13,19570560,3706,11100,2,5292
793,3,0,12,13,19581900,3706,11100,2,5295
794,3,0,11,14,19593180,3705,11100,2,5298
795,5,0,10,15,19618920,3706,11100,2,5303
796,6,0,14,11,19620720,3705,11100,2,5309
797,5,0,14,11,19649040,3707,11100,2,5314
798,5,0,11,14,19674300,3706,11100,2,5319
799,7,0,13,12,19698060,3707,11100,2,5326
800,1,0,8,17,19724520,3708,11100,2,5327
801,9,0,13,12,19729920,3706,11100,2,5336
802,8,0,10,15,19755960,3703,11100,2,5344
803,8,0,16,9,19759740,3703,11100,2,5352
804,4,0,12,13,19794180,3704,11100,2,5356
805,10,0,13,12,19822260,3703,11100,2,5366
806,9,0,13,12,19844100,3700,11100,2,5375
807,7,0,12,13,19863120,3698,11100,2,5382
808,10,0,12,13,19891800,3697,11100,2,5392
809,5,0,11,14,19910640,3696,11100,2,5397
810,4,0,12,13,19917120,3695,11100,2,5401
811,3,0,11,14,19937100,3696,11100,2,5404
812,5,0,13,12,19946880,3696,11100,2,5409
813,7,0,11,14,19970880,3694,11100,2,5416
814,5,0,13,12,19980300,3694,11100,2,5421
815,6,0,14,11,20000760,3694,11100,2,5427
816,2,0,8,17,20035680,3695,11100,2,5429
817,8,0,16,9,20035680,3695,11100,2,5437
818,4,0,15,10,20057880,3696,11100,2,5441
819,4,0,13,12,20086680,3697,11100,2,5445
820,7,0,14,11,20119380,3699,11100,2,5452
821,8,0,19,6,20130660,3699,11100,2,5460
822,8,0,17,8,20173440,3700,11100,2,5468
823,10,0,17,8,20224140,3703,11100,2,5478
824,8,0,13,12,20262540,3702,11100,2,5486
825,10,0,14,11,20286900,3700,11100,2,5496
826,7,0,15,10,20315400,3701,11100,2,5503
827,10,0,16,9,20342640,3700,11100,2,5513
828,9,0,15,10,20377320,3700,11100,2,5522
829,10,0,14,11,20412240,3699,11100,2,5532
830,5,0,13,12,20430720,3698,11100,2,5537
831,9,0,15,10,20456340,3698,11100,2,5546
832,9,0,16,9,20475960,3696,11100,1,5555
833,5,0,12,13,20514720,3697,11100,1,5560
834,4,0,10,15,20536800,3697,11100,1,5564
835,8,0,12,13,20546760,3695,11100,1,5572
836,5,0,11,14,20561220,3694,11100,1,5577
837,6,0,13,12,20574960,3693,11100,1,5583
838,6,0,10,15,20597880,3692,11100,1,5589
839,2,0,8,17,20613060,3692,11100,1,5591
840,7,0,13,12,20620440,3692,11100,1,5598
841,4,0,13,12,20631960,3691,11100,1,5602
842,3,0,10,15,20658960,3692,11100,1,5605
843,5,0,10,15,20676660,3692,11100,1,5610
844,5,0,12,13,20683320,3691,11100,1,5615
845,4,0,9,16,20699760,3689,11100,1,5619
846,7,0,13,12,20702280,3688,11100,1,5626
847,5,0,11,14,20719200,3686,11100,1,5631
848,7,0,14,11,20729400,3685,11100,1,5638
849,8,0,19,6,20740020,3685,11100,1,5646
850,11,0,20,5,20780040,3686,11100,1,5657
851,7,0,16,9,20832120,3688,11100,1,5664
852,13,0,16,9,20869380,3686,11100,1,5677
853,7,0,14,11,20904900,3686,11100,1,5684
854,7,0,13,12,20943180,3688,11100,1,5691
855,14,0,14,11,20980140,3686,11100,1,5705
856,5,0,12,13,21002700,3685,11100,1,5710
857,9,0,17,8,21020700,3686,11100,1,5719
858,9,0,19,6,21044400,3686,11100,1,5728
859,8,0,15,10,21095880,3687,11100,1,5736
860,7,0,16,9,21118440,3687,11100,1,5743
861,4,0,11,14,21156720,3688,11100,1,5747
862,5,0,11,14,21179400,3689,11100,1,5752
863,4,0,12,13,21193080,3689,11100,1,5756
864,7,0,16,9,21207840,3690,11100,1,5763
865,9,0,17,8,21233580,3689,11100,1,5772
866,4,0,12,13,21277740,3691,11100,1,5776
867,4,0,9,16,21304440,3691,11100,1,5780
868,6,0,13,12,21310260,3691,11100,1,5786
869,8,0,15,10,21322620,3689,11100,1,5794
870,7,0,15,10,21345660,3689,11100,1,5801
871,9,0,14,11,21377940,3688,11100,1,5810
872,7,0,12,13,21404700,3687,11100,1,5817
873,6,0,15,10,21425280,3688,11100,1,5823
874,9,0,17,8,21451800,3689,11100,1,5832
875,13,0,18,7,21489840,3687,11100,1,5845
876,8,0,18,7,21521220,3688,11100,1,5853
877,7,0,12,13,21585780,3691,11100,1,5860
878,9,0,13,12,21608340,3689,11100,1,5869
879,11,0,15,10,21629760,3687,11100,1,5880
880,8,0,15,10,21654780,3687,11100,1,5888
881,11,0,15,10,21688500,3686,11100,1,5899
882,3,0,15,10,21702540,3686,11100,1,5902
883,6,0,14,11,21741000,3688,11100,1,5908
884,5,0,14,11,21762180,3689,11100,1,5913
885,6,0,13,12,21799080,3691,11100,1,5919
886,5,0,10,15,21827760,3690,11100,1,5924
887,7,0,11,14,21841800,3689,11100,1,5931
888,6,0,11,14,21860280,3688,11100,1,5937
889,4,0,12,13,21870000,3688,11100,1,5941
890,6,0,15,10,21888360,3689,11100,1,5947
891,6,0,16,9,21906840,3689,11100,1,5953
892,6,0,13,12,21937560,3689,11100,1,5959
893,3,0,10,15,21954720,3688,11100,1,5962
894,4,0,11,14,21966060,3688,11100,1,5966
895,6,0,14,11,21969600,3687,11100,1,5972
896,10,0,17,8,22000980,3688,11100,1,5982
897,8,0,18,7,22033560,3689,11100,1,5990
898,9,0,20,5,22071600,3691,11100,1,5999
899,10,0,15,10,22123260,3690,11100,1,6009
900,9,0,15,10,22167120,3692,11100,1,6018
901,7,0,15,10,22193880,3692,11100,1,6025
902,6,0,16,9,22205400,3691,11100,1,6031
903,9,0,14,11,22259700,3693,11100,1,6040
904,8,0,16,9,22282080,3693,11100,1,6048
905,5,0,12,13,22311000,3693,11100,1,6053
906,4,0,10,15,22339260,3694,11100,1,6057
907,7,0,12,13,22348560,3692,11100,1,6064
908,10,0,13,12,22365660,3690,11100,1,6074
909,5,0,12,13,22391580,3690,11100,1,6079
910,7,0,13,12,22411560,3690,11100,1,6086
911,1,0,9,16,22440960,3692,11100,1,6087
912,5,0,11,14,22444200,3690,11100,1,6092
913,4,0,9,16,22472820,3691,11100,1,6096
914,3,0,9,16,22479600,3691,11100,1,6099
915,5,0,10,15,22486920,3690,11100,1,6104
916,1,0,9,16,22495860,3690,11100,1,6105
917,10,0,15,10,22500240,3688,11100,1,6115
918,5,0,12,13,22523880,3687,11100,1,6120
919,4,0,14,11,22535160,3688,11100,1,6124
920,9,0,17,8,22563300,3689,11100,1,6133
921,13,0,21,4,22596540,3689,11100,1,6146
922,12,0,14,11,22661940,3688,11100,1,6158
923,6,0,13,12,22683900,3687,11100,1,6164
924,10,0,19,6,22697520,3687,11100,1,6174
925,11,0,20,5,22728540,3686,11100,1,6185
926,8,0,18,7,22765980,3686,11100,1,6193
927,8,0,16,9,22802460,3686,11100,1,6201
928,8,0,18,7,22829460,3687,11100,1,6209
929,3,0,14,11,22856460,3687,11100,1,6212
930,10,0,15,10,22902300,3689,11100,1,6222
931,7,0,15,10,22929180,3689,11100,1,6229
932,7,0,18,7,22949880,3690,11100,1,6236
933,7,0,13,12,22992000,3690,11100,1,6243
934,6,0,10,15,23023620,3690,11100,1,6249
935,3,0,10,15,23033580,3690,11100,1,6252
936,3,0,9,16,23046540,3689,11100,1,6255
937,9,0,16,9,23048460,3688,11100,1,6264
938,1,0,10,15,23074380,3688,11100,1,6265
939,8,0,11,14,23096460,3688,11100,1,6273
940,5,0,14,11,23098740,3687,11100,1,6278
941,7,0,14,11,23121960,3687,11100,1,6285
942,3,0,12,13,23145780,3687,11100,1,6288
943,3,0,10,15,23167200,3688,11100,1,6291
944,9,0,14,11,23182020,3687,11100,1,6300
945,6,0,14,11,23200440,3687,11100,1,6306
946,9,0,14,11,23230920,3686,11100,1,6315
947,9,0,19,6,23252400,3687,11100,1,6324
948,8,0,19,6,23283360,3688,11100,1,6332
949,15,0,23,2,23324220,3688,11100,1,6347
950,7,0,14,11,23392380,3689,11100,1,6354
951,13,0,16,9,23433900,3689,11100,1,6367
952,7,0,18,7,23449800,3689,11100,1,6374
953,4,0,12,13,23477700,3687,11100,1,6378
954,9,0,13,12,23518440,3689,11100,1,6387
955,3,0,11,14,23536500,3689,11100,1,6390
956,4,0,11,14,23546700,3688,11100,1,6394
957,5,0,14,11,23558400,3689,11100,1,6399
958,2,0,9,16,23588400,3690,11100,1,6401
959,6,0,13,12,23592480,3689,11100,1,6407
960,3,0,14,11,23596680,3689,11100,1,6410
961,3,0,12,13,23618220,3689,11100,1,6413
962,8,0,13,12,23652780,3691,11100,1,6421
963,4,0,9,16,23676780,3690,11100,1,6425
964,6,0,12,13,23681340,3689,11100,1,6431
965,5,0,13,12,23697600,3689,11100,1,6436
966,6,0,14,11,23712420,3688,11100,1,6442
967,4,0,11,14,23737140,3688,11100,1,6446
968,9,0,16,9,23753520,3689,11100,1,6455
969,9,0,16,9,23787240,3689,11100,1,6464
970,8,0,13,12,23821380,3688,11100,1,6472
971,7,0,12,13,23848080,3687,11100,1,6479
972,4,0,14,11,23859660,3688,11100,1,6483
973,3,0,12,13,23882100,3688,11100,1,6486
974,12,0,16,9,23915160,3689,11100,1,6498
975,7,0,12,13,23945280,3687,11100,1,6505
976,8,0,13,12,23964720,3686,11100,1,6513
977,5,0,11,14,23991300,3686,11100,1,6518
978,4,0,9,16,24017340,3687,11100,1,6522
979,7,0,13,12,24024000,3686,11100,1,6529
980,5,0,10,15,24042900,3685,11100,1,6534
981,4,0,9,16,24063120,3685,11100,1,6538
982,6,0,10,15,24075180,3684,11100,1,6544
983,6,0,14,11,24080340,3684,11100,1,6550
984,4,0,16,9,24091980,3684,11100,1,6554
985,3,0,9,16,24132120,3685,11100,1,6557
986,2,0,9,16,24143820,3686,11100,1,6559
987,4,0,9,16,24148560,3684,11100,1,6563
988,6,0,12,13,24155460,3683,11100,1,6569
989,8,0,15,10,24168360,3683,11100,1,6577
990,4,0,11,14,24185940,3681,11100,1,6581
991,11,0,16,9,24196440,3679,11100,1,6592
992,4,0,12,13,24229920,3680,11100,1,6596
993,9,0,12,13,24250860,3678,11100,1,6605
994,6,0,12,13,24261780,3676,11100,1,6611
995,6,0,15,10,24282540,3678,11100,1,6617
996,6,0,15,10,24303240,3677,11100,1,6623
997,10,0,15,10,24345900,3678,11100,1,6633
998,5,0,13,12,24371880,3678,11100,1,6638
999,7,0,15,10,24392040,3679,11100,1,6645
1000,10,0,17,8,24409020,3677,11100,1,6655
1001,10,0,18,7,24445080,3677,11100,1,6665
1002,11,0,20,5,24485520,3678,11100,1,6676
1003,4,0,13,12,24541500,3681,11100,1,6680
1004,8,0,16,9,24568320,3682,11100,1,6688
1005,6,0,17,8,24590880,3682,11100,1,6694
1006,6,0,17,8,24617760,3683,11100,1,6700
1007,5,0,14,11,24653220,3684,11100,1,6705
1008,5,0,12,13,24687480,3685,11100,1,6710
1009,6,0,14,11,24699960,3685,11100,1,6716
1010,6,0,12,13,24734220,3686,11100,1,6722
1011,4,0,9,16,24756420,3685,11100,1,6726
1012,3,0,11,14,24765360,3686,11100,1,6729
1013,7,0,14,11,24780600,3686,11100,1,6736
1014,8,0,11,14,24810480,3684,11100,1,6744
1015,8,0,17,8,24813900,3684,11100,1,6752
1016,6,0,12,13,24846000,3683,11100,1,6758
1017,4,0,11,14,24870240,3683,11100,1,6762
1018,6,0,11,14,24886020,3682,11100,1,6768
1019,9,0,15,10,24910560,3683,11100,1,6777
1020,12,0,20,5,24923340,3681,11100,1,6789
1021,5,0,15,10,24969960,3683,11100,1,6794
1022,14,0,18,7,25009860,3683,11100,1,6808
1023,7,0,12,13,25047720,3681,11100,1,6815
1024,10,0,14,11,25074300,3681,11100,1,6825
1025,2,0,8,17,25096440,3680,11100,1,6827
1026,8,0,14,11,25101840,3680,11100,1,6835
1027,5,0,13,12,25117500,3679,11100,1,6840
1028,4,0,13,12,25142100,3680,11100,1,6844
1029,7,0,12,13,25165740,3679,11100,1,6851
1030,2,0,12,13,25170720,3679,11100,1,6853
1031,6,0,13,12,25192860,3679,11100,1,6859
1032,3,0,10,15,25207380,3678,11100,1,6862
1033,6,0,15,10,25210560,3678,11100,1,6868
1034,3,0,12,13,25235520,3679,11100,1,6871
1035,3,0,9,16,25263180,3679,11100,1,6874
1036,3,0,10,15,25268940,3679,11100,1,6877
1037,5,0,12,13,25275720,3679,11100,1,6882
1038,7,0,12,13,25300440,3678,11100,1,6889
1039,5,0,13,12,25310160,3678,11100,1,6894
1040,6,0,13,12,25326600,3677,11100,1,6900
1041,8,0,15,10,25348440,3677,11100,1,6908
1042,14,0,21,4,25371960,3676,11100,1,6922
1043,7,0,18,7,25406100,3676,11100,1,6929
1044,13,0,17,8,25453200,3675,11100,1,6942
1045,7,0,19,6,25488540,3678,11100,1,6949
1046,7,0,15,10,25534800,3678,11100,1,6956
1047,8,0,15,10,25564320,3678,11100,1,6964
1048,11,0,19,6,25583400,3677,11100,1,6975
1049,9,0,16,9,25633140,3678,11100,1,6984
1050,3,0,15,10,25657920,3680,11100,1,6987
1051,5,0,12,13,25689420,3680,11100,1,6992
1052,10,0,16,9,25713660,3680,11100,1,7002
1053,3,0,10,15,25738260,3679,11100,1,7005
1054,5,0,12,13,25748520,3679,11100,1,7010
1055,3,0,11,14,25764660,3679,11100,1,7013
1056,9,0,11,14,25792440,3678,11100,1,7022
1057,3,0,10,15,25801920,3678,11100,1,7025
1058,3,0,13,12,25801920,3678,11100,1,7028
1059,4,0,13,12,25819140,3678,11100,1,7032
1060,6,0,13,12,25847820,3679,11100,1,7038
1061,7,0,15,10,25862340,3678,11100,1,7045
1062,5,0,10,15,25896540,3678,11100,1,7050
1063,2,0,11,14,25899360,3678,11100,1,7052
1064,6,0,12,13,25918740,3678,11100,1,7058
1065,12,0,17,8,25940400,3677,11100,1,7070
1066,7,0,14,11,25972260,3677,11100,1,7077
1067,7,0,13,12,26014020,3678,11100,1,7084
1068,17,0,20,5,26031900,3676,11100,1,7101
1069,12,0,21,4,26074920,3676,11100,1,7113
1070,5,0,15,10,26121960,3677,11100,1,7118
1071,5,0,13,12,26156400,3678,11100,1,7123
1072,6,0,11,14,26185020,3678,11100,1,7129
1073,11,0,17,8,26197560,3677,11100,1,7140
1074,8,0,12,13,26243400,3677,11100,1,7148
1075,10,0,14,11,26272380,3677,11100,1,7158
1076,5,0,13,12,26295960,3677,11100,1,7163
1077,8,0,12,13,26325000,3677,11100,1,7171
1078,4,0,10,15,26339340,3676,11100,1,7175
1079,1,0,10,15,26347140,3676,11100,1,7176
1080,5,0,12,13,26353080,3675,11100,1,7181
1081,6,0,14,11,26371260,3676,11100,1,7187
1082,5,0,13,12,26388480,3675,11100,1,7192
1083,3,0,13,12,26399340,3675,11100,1,7195
1084,6,0,13,12,26436060,3677,11100,1,7201
1085,8,0,13,12,26465820,3677,11100,1,7209
1086,6,0,12,13,26487720,3677,11100,1,7215
1087,6,0,13,12,26502900,3676,11100,1,7221
1088,13,0,17,8,26524320,3675,11100,1,7234
1089,6,0,15,10,26544000,3673,11100,1,7240
1090,5,0,14,11,26577000,3675,11100,1,7245
1091,8,0,15,10,26612280,3676,11100,1,7253
1092,18,0,22,3,26633640,3674,11100,1,7271
1093,10,0,17,8,26687040,3673,11100,1,7281
1094,6,0,14,11,26729220,3675,11100,1,7287
1095,10,0,18,7,26746860,3674,11100,1,7297
1096,8,0,17,8,26790780,3676,11100,1,7305
1097,5,0,12,13,26828220,3676,11100,1,7310
1098,6,0,11,14,26853060,3675,11100,1,7316
1099,8,0,15,10,26862600,3675,11100,1,7324
1100,9,0,15,10,26888460,3674,11100,1,7333
1101,2,0,11,14,26908380,3674,11100,1,7335
1102,8,0,13,12,26926860,3673,11100,1,7343
1103,3,0,13,12,26949000,3675,11100,1,7346
1104,9,0,13,12,26977740,3674,11100,1,7355
1105,2,0,8,17,27003960,3674,11100,1,7357
1106,6,0,12,13,27014460,3674,11100,1,7363
1107,4,0,11,14,27024780,3673,11100,1,7367
1108,6,0,13,12,27034560,3673,11100,1,7373
1109,10,0,16,9,27058560,3672,11100,1,7383
1110,6,0,17,8,27078060,3673,11100,1,7389
1111,3,0,13,12,27108120,3673,11100,1,7392
1112,9,0,15,10,27136860,3674,11100,1,7401
1113,8,0,13,12,27171300,3673,11100,1,7409
1114,6,0,12,13,27192720,3673,11100,1,7415
1115,5,0,14,11,27207660,3673,11100,1,7420
1116,10,0,19,6,27228540,3674,11100,1,7430
1117,5,0,16,9,27260400,3674,11100,1,7435
1118,9,0,10,15,27302340,3672,11100,1,7444
1119,4,0,9,16,27313920,3671,11100,1,7448
1120,9,0,13,12,27329880,3671,11100,1,7457
1121,7,0,16,9,27339720,3670,11100,1,7464
1122,7,0,17,8,27374340,3672,11100,1,7471
1123,5,0,11,14,27406260,3671,11100,1,7476
1124,5,0,14,11,27421080,3672,11100,1,7481
1125,6,0,13,12,27442380,3671,11100,1,7487
1126,6,0,12,13,27459120,3670,11100,1,7493
1127,5,0,11,14,27487740,3671,11100,1,7498
1128,4,0,10,15,27499920,3670,11100,1,7502
1129,2,0,9,16,27513960,3670,11100,1,7504
1130,7,0,14,11,27522240,3671,11100,1,7511
1131,5,0,12,13,27543960,3670,11100,1,7516
1132,3,0,11,14,27567840,3671,11100,1,7519
1133,4,0,12,13,27580680,3672,11100,1,7523
1134,3,0,10,15,27600060,3672,11100,1,7526
1135,5,0,12,13,27604440,3671,11100,1,7531
1136,7,0,12,13,27624480,3670,11100,1,7538
1137,6,0,14,11,27631320,3669,11100,1,7544
1138,8,0,17,8,27651420,3669,11100,1,7552
1139,11,0,16,9,27683760,3668,11100,1,7563
1140,9,0,14,11,27732000,3669,11100,1,7572
1141,13,0,18,7,27771300,3670,11100,1,7585
1142,7,0,17,8,27791220,3668,11100,1,7592
1143,7,0,18,7,27816720,3669,11100,1,7599
1144,11,0,19,6,27856920,3669,11160,1,7610
1145,10,0,17,8,27907740,3670,11160,1,7620
1146,11,0,19,6,27941760,3670,11160,1,7631
1147,8,0,15,10,27976800,3669,11160,1,7639
1148,7,0,17,8,27999480,3670,11160,1,7646
1149,4,0,16,9,28033920,3672,11160,1,7650
1150,2,0,12,13,28066200,3673,11160,1,7652
1151,8,0,13,12,28102500,3674,11160,1,7660
1152,5,0,10,15,28124460,3673,11160,1,7665
1153,8,0,13,12,28131480,3672,11160,1,7673
1154,2,0,8,17,28160340,3672,11160,1,7675
1155,3,0,11,14,28160340,3672,11160,1,7678
1156,2,0,9,16,28178640,3673,11160,1,7680
1157,8,0,13,12,28189020,3672,11160,1,7688
1158,5,0,12,13,28202400,3671,11160,1,7693
1159,10,0,14,11,28232580,3671,11160,1,7703
1160,6,0,15,10,28249560,3671,11160,1,7709
1161,5,0,11,14,28287900,3672,11160,1,7714
1162,8,0,15,10,28293840,3671,11160,1,7722
1163,6,0,13,12,28317480,3670,11160,1,7728
1164,6,0,14,11,28326780,3669,11160,1,7734
1165,11,0,18,7,28348980,3668,11160,1,7745
1166,9,0,15,10,28383720,3667,11160,1,7754
1167,5,0,10,15,28421100,3667,11160,1,7759
1168,7,0,10,15,28435620,3666,11160,1,7766
1169,9,0,17,8,28446060,3666,11160,1,7775
1170,10,0,18,7,28471680,3665,11160,1,7785
1171,5,0,16,9,28504020,3666,11160,1,7790
1172,4,0,15,10,28536300,3668,11160,1,7794
1173,4,0,11,14,28564740,3668,11160,1,7798
1174,5,0,11,14,28586880,3668,11160,1,7803
1175,5,0,13,12,28592340,3668,11160,1,7808
1176,8,0,13,12,28627680,3668,11160,1,7816
1177,5,0,13,12,28641780,3668,11160,1,7821
1178,8,0,14,11,28671720,3668,11160,1,7829
1179,6,0,15,10,28698060,3669,11160,1,7835
1180,3,0,9,16,28728180,3669,11160,1,7838
1181,5,0,9,16,28740060,3668,11160,1,7843
1182,5,0,13,12,28742880,3668,11160,1,7848
1183,7,0,15,10,28751280,3667,11160,1,7855
1184,9,0,13,12,28796640,3667,11160,1,7864
1185,6,0,13,12,28810920,3666,11160,1,7870
1186,14,0,17,8,28836180,3665,11160,1,7884
1187,5,0,14,11,28851840,3663,11160,1,7889
1188,7,0,14,11,28879260,3663,11160,1,7896
1189,9,0,16,9,28905900,3664,11160,1,7905
1190,12,0,22,3,28924620,3663,11160,1,7917
1191,4,0,14,11,28983600,3665,11160,1,7921
1192,12,0,18,7,29025360,3667,11160,1,7933
1193,13,0,18,7,29057220,3665,11160,1,7946
1194,7,0,13,12,29104200,3665,11160,1,7953
1195,7,0,12,13,29123940,3664,11160,1,7960
1196,4,0,12,13,29138100,3664,11160,1,7964
1197,6,0,15,10,29145240,3663,11160,1,7970
1198,3,0,11,14,29174820,3664,11160,1,7973
1199,5,0,12,13,29193300,3664,11160,1,7978
1200,4,0,13,12,29207820,3665,11160,1,7982
1201,6,0,13,12,29228640,3665,11160,1,7988
1202,3,0,11,14,29241420,3664,11160,1,7991
1203,3,0,11,14,29258100,3665,11160,1,7994
1204,4,0,10,15,29273100,3664,11160,1,7998
1205,1,0,8,17,29281140,3664,11160,1,7999
1206,3,0,8,17,29289240,3663,11160,1,8002
1207,5,0,10,15,29294820,3663,11160,1,8007
1208,10,0,14,11,29303220,3661,11160,1,8017
1209,9,0,15,10,29327160,3660,11160,1,8026
1210,6,0,15,10,29344560,3660,11160,1,8032
1211,9,0,16,9,29383620,3661,11160,1,8041
1212,8,0,17,8,29407140,3661,11160,1,8049
1213,12,0,21,4,29439600,3661,11160,1,8061
1214,11,0,18,7,29497440,3662,11160,1,8072
1215,7,0,17,8,29531880,3663,11160,1,8079
1216,11,0,15,10,29564400,3661,11160,1,8090
1217,13,0,21,4,29583240,3660,11160,1,8103
1218,4,0,15,10,29614620,3659,11160,1,8107
1219,6,0,12,13,29666220,3662,11160,1,8113
1220,7,0,15,10,29674380,3661,11160,1,8120
1221,5,0,10,15,29705820,3660,11160,1,8125
1222,4,0,11,14,29722560,3661,11160,1,8129
1223,7,0,16,9,29726640,3660,11160,1,8136
1224,5,0,10,15,29758140,3659,11160,1,8141
1225,1,0,9,16,29771400,3660,11160,1,8142
1226,3,0,9,16,29781480,3660,11160,1,8145
1227,2,0,9,16,29785560,3660,11160,1,8147
1228,5,0,11,14,29798400,3660,11160,1,8152
1229,2,0,11,14,29803440,3660,11160,1,8154
1230,7,0,14,11,29820600,3660,11160,1,8161
1231,10,0,15,10,29846400,3659,11160,1,8171
1232,9,0,17,8,29873760,3659,11160,1,8180
1233,6,0,14,11,29909280,3659,11160,1,8186
1234,7,0,14,11,29933340,3659,11160,1,8193
1235,8,0,14,11,29960100,3659,11160,1,8201
1236,9,0,17,8,29982420,3659,11160,1,8210
1237,13,0,21,4,30006720,3658,11160,1,8223
1238,12,0,21,4,30045240,3657,11160,1,8235
1239,12,0,16,9,30111780,3658,11160,1,8247
1240,5,0,15,10,30138300,3658,11160,1,8252
1241,7,0,15,10,30171480,3659,11160,1,8259
1242,6,0,15,10,30189180,3659,11160,1,8265
1243,10,0,21,4,30212700,3660,11160,1,8275
1244,4,0,13,12,30265500,3661,11160,1,8279
1245,9,0,14,11,30293640,3661,11160,1,8288
1246,4,0,11,14,30314160,3660,11160,1,8292
1247,5,0,12,13,30333000,3661,11160,1,8297
1248,4,0,11,14,30354420,3661,11160,1,8301
1249,1,0,10,15,30368940,3662,11160,1,8302
1250,7,0,11,14,30389100,3662,11160,1,8309
1251,4,0,12,13,30399060,3662,11160,1,8313
1252,2,0,11,14,30414420,3662,11160,1,8315
1253,5,0,10,15,30431280,3662,11160,1,8320
1254,9,0,12,13,30447960,3660,11160,1,8329
1255,10,0,14,11,30465960,3659,11160,1,8339
1256,6,0,16,9,30481680,3659,11160,1,8345
1257,4,0,10,15,30517620,3659,11160,1,8349
1258,9,0,15,10,30522780,3658,11160,1,8358
1259,8,0,17,8,30547320,3658,11160,1,8366
1260,7,0,12,13,30584280,3657,11160,1,8373
1261,5,0,13,12,30603060,3658,11160,1,8378
1262,6,0,18,7,30605580,3658,11160,1,8384
1263,11,0,15,10,30653940,3657,11160,1,8395
1264,13,0,20,5,30677700,3657,11160,1,8408
1265,4,0,14,11,30713640,3657,11160,1,8412
1266,8,0,17,8,30744480,3658,11160,1,8420
1267,7,0,13,12,30773520,3657,11160,1,8427
1268,4,0,11,14,30800280,3657,11160,1,8431
1269,7,0,14,11,30808800,3657,11160,1,8438
1270,3,0,13,12,30825840,3657,11160,1,8441
1271,9,0,18,7,30846180,3658,11160,1,8450
1272,6,0,14,11,30883800,3658,11160,1,8456
1273,3,0,10,15,30921540,3659,11160,1,8459
1274,4,0,12,13,30925560,3659,11160,1,8463
1275,3,0,11,14,30948360,3660,11160,1,8466
1276,5,0,12,13,30963780,3660,11160,1,8471
1277,6,0,12,13,30974820,3659,11160,1,8477
1278,8,0,13,12,30996180,3658,11160,1,8485
1279,5,0,13,12,31007760,3657,11160,1,8490
1280,5,0,15,10,31016760,3657,11160,1,8495
1281,8,0,14,11,31051080,3657,11160,1,8503
1282,7,0,14,11,31068300,3656,11160,1,8510
1283,9,0,14,11,31096140,3656,11160,1,8519
1284,9,0,13,12,31133160,3656,11160,1,8528
1285,2,0,13,12,31140360,3656,11160,1,8530
1286,6,0,12,13,31171260,3656,11160,1,8536
1287,6,0,12,13,31190280,3656,11160,1,8542
1288,14,0,19,6,31214880,3656,11160,1,8556
1289,9,0,17,8,31246440,3655,11160,1,8565
1290,9,0,18,7,31288620,3656,11160,1,8574
1291,7,0,14,11,31327980,3656,11160,1,8581
1292,7,0,14,11,31359960,3657,11160,1,8588
1293,5,0,14,11,31370820,3656,11160,1,8593
1294,6,0,12,13,31396200,3656,11160,1,8599
1295,6,0,11,14,31421520,3656,11160,1,8605
1296,4,0,12,13,31433880,3656,11160,1,8609
1297,7,0,14,11,31444140,3655,11160,1,8616
1298,1,0,10,15,31477800,3657,11160,1,8617
1299,3,0,10,15,31499520,3658,11160,1,8620
1300,4,0,12,13,31507920,3658,11160,1,8624
1301,4,0,12,13,31518900,3658,11160,1,8628
1302,8,0,12,13,31543740,3657,11160,1,8636
1303,8,0,15,10,31557900,3657,11160,1,8644
1304,6,0,14,11,31588260,3657,11160,1,8650
1305,6,0,14,11,31603740,3656,11160,1,8656
1306,12,0,19,6,31628100,3656,11160,1,8668
1307,3,0,12,13,31662000,3656,11160,1,8671
1308,6,0,13,12,31683960,3656,11160,1,8677
1309,10,0,13,12,31718640,3656,11160,1,8687
1310,7,0,13,12,31741080,3656,11160,1,8694
1311,8,0,14,11,31760340,3655,11160,1,8702
1312,7,0,13,12,31787220,3655,11160,1,8709
1313,9,0,20,5,31800240,3656,11160,1,8718
1314,6,0,15,10,31839900,3655,11160,1,8724
1315,12,0,14,11,31882020,3655,11160,1,8736
1316,6,0,12,13,31903980,3654,11160,1,8742
1317,9,0,17,8,31911300,3653,11160,1,8751
1318,5,0,13,12,31932720,3652,11160,1,8756
1319,4,0,12,13,31957080,3653,11160,1,8760
1320,1,0,9,16,31972980,3653,11160,1,8761
1321,4,0,8,17,31991940,3653,11160,1,8765
1322,3,0,11,14,31991940,3653,11160,1,8768
1323,2,0,8,17,32004420,3652,11160,1,8770
1324,8,0,15,10,32007960,3652,11160,1,8778
1325,9,0,15,10,32028060,3651,11160,1,8787
1326,9,0,15,10,32051100,3650,11160,1,8796
1327,8,0,14,11,32088180,3650,11160,1,8804
1328,8,0,14,11,32104500,3649,11160,1,8812
1329,7,0,15,10,32133540,3649,11160,1,8819
1330,9,0,17,8,32153940,3649,11160,1,8828
1331,10,0,15,10,32196300,3649,11160,1,8838
1332,12,0,18,7,32217780,3647,11160,1,8850
1333,11,0,16,9,32270760,3648,11160,1,8861
1334,8,0,16,9,32290020,3647,11160,1,8869
1335,5,0,12,13,32329440,3648,11160,1,8874
1336,9,0,15,10,32360760,3649,11160,1,8883
1337,8,0,17,8,32387820,3649,11160,1,8891
1338,7,0,15,10,32418480,3649,11160,1,8898
1339,6,0,15,10,32446380,3650,11160,1,8904
1340,6,0,13,12,32489640,3651,11160,1,8910
1341,7,0,12,13,32508780,3650,11160,1,8917
1342,10,0,17,8,32530440,3651,11160,1,8927
1343,7,0,16,9,32566080,3651,11160,1,8934
1344,6,0,12,13,32602080,3651,11160,1,8940
1345,5,0,14,11,32605920,3650,11160,1,8945
1346,7,0,16,9,32611860,3649,11160,1,8952
1347,6,0,16,9,32621100,3648,11160,1,8958
1348,7,0,17,8,32645040,3648,11160,1,8965
1349,6,0,17,8,32661420,3647,11160,1,8971
1350,6,0,17,8,32686320,3648,11160,1,8977
1351,3,0,14,11,32712360,3648,11160,1,8980
1352,9,0,21,4,32717940,3648,11160,1,8989
1353,4,0,14,11,32756460,3648,11160,1,8993
1354,9,0,18,7,32770920,3647,11160,1,9002
1355,10,0,20,5,32796480,3647,11160,1,9012
1356,10,0,18,7,32830860,3646,11160,1,9022
1357,6,0,19,6,32842140,3645,11160,1,9028
1358,6,0,21,4,32866980,3646,11160,1,9034
1359,3,0,15,10,32911440,3647,11160,1,9037
1360,5,0,18,7,32923260,3648,11160,1,9042
1361,9,0,20,5,32944680,3647,11160,1,9051
1362,5,0,15,10,32986680,3648,11160,1,9056
1363,12,0,18,7,33008100,3647,11160,1,9068
1364,4,0,17,8,33033000,3648,11160,1,9072
1365,6,0,16,9,33055740,3647,11160,1,9078
1366,2,0,14,11,33071520,3647,11160,1,9080
1367,2,0,13,12,33086340,3648,11160,1,9082
1368,3,0,13,12,33089640,3647,11160,1,9085
1369,5,0,14,11,33099480,3646,11160,1,9090
1370,3,0,16,9,33100560,3646,11160,1,9093
1371,4,0,16,9,33120600,3647,11160,1,9097
1372,3,0,16,9,33137460,3647,11160,1,9100
1373,8,0,18,7,33157980,3647,11160,1,9108
1374,6,0,15,10,33179220,3646,11160,1,9114
1375,7,0,15,10,33199200,3645,11160,1,9121
1376,12,0,17,8,33218640,3643,11160,1,9133
1377,6,0,18,7,33230340,3643,11160,1,9139
1378,9,0,20,5,33255900,3643,11160,1,9148
1379,6,0,18,7,33284160,3643,11160,1,9154
1380,9,0,22,3,33308460,3643,11160,1,9163
1381,7,0,20,5,33343200,3644,11160,1,9170
1382,8,0,20,5,33380700,3644,11160,1,9178
1383,8,0,23,2,33399120,3644,11160,1,9186
1384,9,0,20,5,33453780,3646,11160,1,9195
1385,7,0,21,4,33475500,3646,11160,1,9202
1386,8,0,18,7,33517440,3646,11160,1,9210
1387,6,0,13,12,33562920,3646,11160,1,9216
1388,7,0,16,9,33574080,3646,11160,1,9223
1389,7,0,19,6,33585000,3646,11160,1,9230
1390,4,0,16,9,33612300,3646,11160,1,9234
1391,5,0,15,10,33632280,3646,11160,1,9239
1392,7,0,16,9,33662760,3647,11160,1,9246
1393,6,0,20,5,33668100,3646,11160,1,9252
1394,8,0,19,6,33696660,3646,11160,1,9260
1395,3,0,14,11,33741720,3648,11160,1,9263
1396,4,0,16,9,33747840,3648,11160,1,9267
1397,7,0,18,7,33760680,3647,11160,1,9274
1398,5,0,16,9,33791940,3648,11160,1,9279
1399,9,0,16,9,33809760,3646,11160,1,9288
1400,2,0,15,10,33829740,3647,11160,1,9290
1401,0,0,12,13,33848280,3648,11160,1,9290
1402,8,0,17,8,33855600,3647,11160,1,9298
1403,7,0,18,7,33868800,3646,11160,1,9305
1404,5,0,13,12,33898380,3646,11160,1,9310
1405,6,0,17,8,33909000,3646,11160,1,9316
1406,9,0,19,6,33924180,3645,11160,1,9325
1407,8,0,19,6,33945660,3644,11160,1,9333
1408,8,0,20,5,33976860,3645,11160,1,9341
1409,8,0,18,7,34019340,3645,11160,1,9349
1410,10,0,22,3,34041360,3645,11160,1,9359
1411,3,0,18,7,34067880,3645,11160,1,9362
1412,10,0,20,5,34109760,3647,11160,1,9372
1413,11,0,19,6,34140360,3645,11160,1,9383
1414,5,0,16,9,34172700,3646,11160,1,9388
1415,7,0,19,6,34183260,3645,11160,1,9395
1416,4,0,14,11,34214940,3645,11160,1,9399
1417,2,0,16,9,34214940,3645,11160,1,9401
1418,2,0,15,10,34239120,3647,11160,1,9403
1419,4,0,15,10,34248240,3646,11160,1,9407
1420,4,0,13,12,34280520,3647,11160,1,9411
1421,5,0,17,8,34286820,3647,11160,1,9416
1422,3,0,16,9,34298880,3647,11160,1,9419
1423,5,0,17,8,34312020,3647,11160,1,9424
1424,8,0,21,4,34330260,3647,11160,1,9432
1425,8,0,19,6,34365960,3647,11160,1,9440
1426,9,0,18,7,34399800,3647,11160,1,9449
1427,6,0,18,7,34424100,3647,11160,1,9455
1428,10,0,21,4,34452360,3648,11160,1,9465
1429,9,0,21,4,34472880,3646,11160,1,9474
1430,14,0,23,2,34507680,3645,11160,1,9488
1431,5,0,17,8,34558380,3646,11160,1,9493
1432,8,0,19,6,34581780,3647,11160,1,9501
1433,10,0,20,5,34613880,3647,11160,1,9511
1434,3,0,15,10,34647840,3647,11160,1,9514
1435,8,0,17,8,34659600,3646,11160,1,9522
1436,10,0,19,6,34689480,3646,11160,1,9532
1437,6,0,17,8,34717380,3646,11160,1,9538
1438,8,0,19,6,34734600,3645,11160,1,9546
1439,2,0,16,9,34754100,3646,11160,1,9548
1440,2,0,12,13,34793580,3647,11160,1,9550
1441,4,0,14,11,34795560,3647,11160,1,9554
1442,4,0,16,9,34801560,3647,11160,1,9558
1443,5,0,18,7,34813200,3647,11160,1,9563
1444,6,0,16,9,34838580,3646,11160,1,9569
1445,2,0,13,12,34863960,3647,11160,1,9571
1446,7,0,17,8,34870380,3647,11160,1,9578
1447,6,0,16,9,34889640,3646,11160,1,9584
1448,9,0,23,2,34897620,3646,11160,1,9593
1449,6,0,18,7,34949520,3647,12420,1,9599
1450,12,0,21,4,34982280,3647,12540,1,9611
1451,7,0,19,6,35014740,3647,12540,1,9618
1452,7,0,16,9,35048760,3647,12540,1,9625
1453,7,0,20,5,35062260,3647,12540,1,9632
1454,6,0,15,10,35089740,3646,12540,1,9638
1455,6,0,19,6,35095500,3646,12540,1,9644
1456,7,0,18,7,35122020,3646,12540,1,9651
1457,6,0,15,10,35156460,3646,12540,1,9657
1458,9,0,21,4,35166840,3646,12540,1,9666
1459,6,0,18,7,35198100,3645,12540,1,9672
1460,5,0,17,8,35222340,3646,12540,1,9677
1461,5,0,14,11,35253600,3646,12540,1,9682
1462,9,0,20,5,35259780,3645,12540,1,9691
1463,3,0,15,10,35282400,3645,12540,1,9694
1464,9,0,18,7,35299560,3644,12540,1,9703
1465,7,0,20,5,35321520,3645,12540,1,9710
1466,1,0,14,11,35352240,3645,12540,1,9711
1467,7,0,16,9,35365920,3645,12540,1,9718
1468,7,0,15,10,35388120,3644,12540,1,9725
1469,6,0,16,9,35398200,3643,12540,1,9731
1470,10,0,16,9,35416500,3641,12540,1,9741
1471,9,0,17,8,35450160,3642,12540,1,9750
1472,6,0,18,7,35466780,3642,12540,1,9756
1473,9,0,19,6,35493720,3641,12540,1,9765
1474,4,0,18,7,35519100,3642,12540,1,9769
1475,7,0,17,8,35554680,3643,12540,1,9776
1476,15,0,24,1,35576100,3642,12600,1,9791
1477,15,0,23,2,35621340,3641,12900,1,9806
1478,10,0,25,0,35646240,3640,12900,1,9816
1479,6,0,15,10,35718180,3642,12900,1,9822
1480,10,0,19,6,35730540,3641,12900,1,9832
1481,6,2,20,5,35745780,3641,15960,1,9838
1482,2,0,18,7,35781900,3643,25320,2,9840
1483,5,0,17,8,35814540,3644,25320,2,9845
1484,3,0,15,10,35840220,3644,25320,2,9848
1485,4,0,15,10,35860440,3645,25320,2,9852
1486,6,0,17,8,35868180,3644,25320,2,9858
1487,2,0,14,11,35888580,3644,25320,2,9860
1488,2,0,12,13,35909220,3645,25320,2,9862
1489,0,0,11,14,35916240,3645,25320,2,9862
1490,2,0,13,12,35916240,3645,25320,2,9864
1491,5,0,15,10,35920860,3645,25320,2,9869
1492,6,0,17,8,35927580,3644,25320,2,9875
1493,3,0,14,11,35953260,3644,25320,2,9878
1494,4,0,16,9,35965020,3645,25320,2,9882
1495,9,0,22,3,35976180,3645,25320,2,9891
1496,13,0,20,5,36016320,3643,25320,2,9904
1497,9,0,25,0,36034080,3644,25500,2,9913
1498,11,0,25,0,36077760,3644,25500,2,9924
1499,3,0,16,9,36138300,3646,25500,2,9927
1500,9,0,19,6,36161100,3646,25500,2,9936
1501,11,0,21,4,36189300,3645,25500,2,9947
1502,9,0,21,4,36220320,3645,25500,2,9956
1503,7,0,14,11,36254280,3644,25500,2,9963
1504,11,0,19,6,36264960,3642,25500,2,9974
1505,12,0,21,4,36303000,3643,25500,2,9986
1506,8,0,20,5,36335460,3643,25500,2,9994
1507,8,0,20,5,36355740,3642,25500,2,10002
1508,6,0,20,5,36389040,3643,25500,2,10008
1509,10,0,22,3,36424920,3643,25500,2,10018
1510,4,0,16,9,36461580,3643,25500,2,10022
1511,6,0,17,8,36481080,3644,25500,2,10028
1512,4,0,17,8,36500640,3644,25500,2,10032
1513,7,0,16,9,36525360,3644,25500,2,10039
1514,4,0,17,8,36537780,3644,25500,2,10043
1515,4,0,16,9,36564300,3645,25500,2,10047
1516,3,0,15,10,36582420,3645,25500,2,10050
1517,7,0,17,8,36595260,3644,25500,2,10057
1518,5,0,17,8,36616860,3645,25500,2,10062
1519,8,3,17,8,36623820,3644,25920,2,10070
1520,4,5,17,8,36641640,3645,32280,3,10074
1521,9,9,18,7,36668100,3646,40440,4,10083
1522,5,8,22,3,36684420,3647,61140,6,10088
1523,10,1,25,0,36728820,3646,101700,10,10098
1524,8,0,22,3,36769920,3646,115320,11,10106
1525,10,0,24,1,36797040,3646,115320,11,10116
1526,9,0,22,3,36846480,3647,115320,11,10125
1527,5,0,19,6,36894480,3648,115320,11,10130
1528,13,0,23,2,36923520,3648,115320,11,10143
1529,7,0,21,4,36952020,3648,115320,11,10150
1530,4,0,16,9,37001640,3649,115320,11,10154
1531,7,0,15,10,37025460,3649,115320,11,10161
1532,4,0,17,8,37026900,3648,115320,11,10165
1533,6,0,18,7,37058040,3649,115320,11,10171
1534,9,0,19,6,37085520,3649,115320,11,10180
1535,4,0,19,6,37101060,3649,115320,11,10184
1536,7,0,18,7,37142160,3651,115320,11,10191
1537,7,0,17,8,37173420,3651,115320,11,10198
1538,6,0,19,6,37183380,3650,115320,11,10204
1539,5,0,18,7,37213320,3651,115320,11,10209
1540,4,0,16,9,37236000,3651,115320,11,10213
1541,6,0,15,10,37260600,3651,115320,11,10219
1542,4,0,14,11,37275300,3651,115320,11,10223
1543,9,0,18,7,37279440,3649,115320,11,10232
1544,8,0,18,7,37311240,3650,115320,11,10240
1545,6,0,18,7,37329540,3649,115320,11,10246
1546,16,1,25,0,37354080,3649,115680,11,10262
1547,6,0,21,4,37394160,3649,116520,11,10268
1548,11,0,22,3,37443000,3650,116520,11,10279
1549,9,0,20,5,37481400,3650,116520,11,10288
1550,5,0,18,7,37510200,3650,116520,11,10293
1551,8,0,17,8,37541940,3650,116520,11,10301
1552,11,0,21,4,37562040,3649,116520,11,10312
1553,4,0,16,9,37595700,3650,116520,11,10316
1554,10,0,21,4,37625640,3651,116520,11,10326
1555,7,0,16,9,37654860,3649,116520,11,10333
1556,3,0,16,9,37664340,3649,116520,11,10336
1557,6,0,17,8,37686720,3650,116520,11,10342
1558,5,0,17,8,37704540,3650,116520,11,10347
1559,2,0,15,10,37724220,3650,116520,11,10349
1560,3,0,17,8,37733340,3651,116520,11,10352
1561,4,0,14,11,37760820,3651,116520,11,10356
1562,1,0,11,14,37779480,3651,116520,11,10357
1563,9,0,18,7,37780680,3651,116520,11,10366
1564,3,0,13,12,37798260,3649,116520,11,10369
1565,4,0,14,11,37806180,3649,116520,11,10373
1566,7,0,16,9,37817280,3648,116520,11,10380
1567,3,0,15,10,37830720,3648,116520,11,10383
1568,4,0,17,8,37838160,3648,116520,11,10387
1569,6,0,18,7,37857120,3648,116520,11,10393
1570,6,0,20,5,37884360,3650,116520,11,10399
1571,9,0,20,5,37915980,3649,116520,11,10408
1572,2,0,14,11,37942860,3649,116520,11,10410
1573,10,0,18,7,37958400,3649,116520,11,10420
1574,9,0,19,6,37981140,3648,116520,11,10429
1575,13,0,23,2,38014560,3648,116520,11,10442
1576,10,0,23,2,38048040,3648,116520,11,10452
1577,6,0,19,6,38086860,3648,116520,11,10458
1578,5,0,17,8,38131140,3650,116520,11,10463
1579,3,0,14,11,38156340,3650,116520,11,10466
1580,7,0,16,9,38168340,3650,116520,11,10473
1581,11,0,19,6,38188560,3649,116520,11,10484
1582,4,0,17,8,38214000,3649,116520,11,10488
1583,6,0,17,8,38243820,3650,116520,11,10494
1584,3,0,18,7,38247060,3649,116520,11,10497
1585,10,0,23,2,38279160,3651,116520,11,10507
1586,3,0,17,8,38319660,3651,116520,11,10510
1587,3,0,12,13,38350680,3652,116520,11,10513
1588,6,0,14,11,38357460,3651,116520,11,10519
1589,6,0,16,9,38362980,3650,116520,11,10525
1590,6,0,13,12,38385960,3649,116520,11,10531
1591,7,0,15,10,38398800,3649,116520,11,10538
1592,6,0,17,8,38409960,3648,116520,11,10544
1593,12,0,16,9,38438760,3646,116520,11,10556
1594,13,0,23,2,38455920,3646,116520,11,10569
1595,7,0,20,5,38488140,3646,116580,11,10576
1596,11,6,17,8,38524560,3646,117180,11,10587
1597,5,10,16,9,38535720,3647,119160,11,10592
1598,9,16,16,9,38560200,3648,125100,11,10601
1599,11,25,17,8,38567940,3648,131160,12,10612
1600,7,28,17,8,38603280,3650,141780,13,10619
1601,3,30,17,8,38615820,3651,152640,14,10622
1602,4,31,18,7,38632740,3652,203820,19,10626
1603,10,30,25,0,38665320,3654,324780,30,10636
1604,8,25,25,0,38722260,3655,412800,38,10644
1605,7,18,25,0,38773680,3655,563580,52,10651
1606,6,0,20,5,38838060,3651,906180,85,10657
1607,8,0,22,3,38849880,3650,906180,84,10665
1608,5,0,19,6,38890380,3651,906180,84,10670
1609,3,0,15,10,38915220,3651,906180,84,10673
1610,8,0,20,5,38921520,3650,906180,84,10681
1611,4,0,19,6,38948400,3651,906180,84,10685
1612,5,0,16,9,38973060,3651,906180,84,10690
1613,3,0,11,14,39014280,3652,906180,84,10693
1614,9,0,16,9,39020580,3651,906180,84,10702
1615,4,0,14,11,39044760,3651,906180,84,10706
1616,8,0,19,6,39049080,3651,906180,84,10714
1617,13,3,21,4,39068820,3650,906360,84,10727
1618,10,10,18,7,39096840,3650,913080,85,10737
1619,11,9,25,0,39119460,3651,931680,86,10748
1620,5,0,17,8,39178020,3649,978660,91,10753
1621,14,0,20,5,39208020,3648,978660,90,10767
1622,10,0,22,3,39222180,3646,978660,90,10777
1623,6,0,18,7,39251700,3646,978660,90,10783
1624,9,0,20,5,39282780,3646,978660,90,10792
1625,6,0,16,9,39314160,3646,978660,90,10798
1626,2,0,15,10,39327540,3646,978660,90,10800
1627,9,0,20,5,39334620,3645,978660,90,10809
1628,8,0,20,5,39368460,3646,978660,90,10817
1629,2,0,15,10,39390300,3645,978660,90,10819
1630,3,0,15,10,39409920,3646,978660,90,10822
1631,6,0,16,9,39426840,3646,978660,90,10828
1632,8,0,19,6,39438840,3646,978660,90,10836
1633,4,0,17,8,39466140,3646,978660,90,10840
1634,6,0,17,8,39496980,3647,978660,90,10846
1635,6,0,18,7,39508860,3646,978660,90,10852
1636,2,0,14,11,39536940,3647,978660,90,10854
1637,2,0,13,12,39554400,3647,978660,90,10856
1638,5,0,15,10,39563580,3647,978660,90,10861
1639,5,0,15,10,39580860,3647,978660,90,10866
1640,9,0,20,5,39588720,3647,978660,89,10875
1641,8,0,20,5,39617820,3647,978660,89,10883
1642,12,0,21,4,39648780,3646,978660,89,10895
1643,8,0,20,5,39686880,3646,978660,89,10903
1644,15,2,24,1,39718140,3646,980580,89,10918
1645,7,1,21,4,39756720,3646,984720,90,10925
1646,9,6,18,7,39796740,3647,989760,90,10934
1647,5,0,21,4,39829740,3648,1012140,92,10939
1648,9,0,19,6,39866640,3647,1012140,92,10948
1649,7,0,19,6,39886380,3647,1012140,92,10955
1650,5,0,18,7,39918660,3648,1012140,92,10960
1651,9,0,19,6,39941760,3647,1012140,92,10969
1652,8,0,20,5,39959640,3646,1012140,92,10977
1653,5,0,17,8,39998220,3647,1012140,92,10982
1654,4,0,15,10,40023120,3648,1012140,92,10986
1655,3,0,13,12,40038360,3647,1012140,92,10989
1656,5,0,16,9,40051500,3648,1012140,92,10994
1657,4,0,14,11,40063260,3647,1012140,92,10998
1658,3,0,13,12,40071000,3646,1012140,92,11001
1659,3,0,14,11,40074960,3646,1012140,91,11004
1660,3,0,16,9,40085040,3647,1012140,91,11007
1661,8,0,18,7,40094820,3645,1012140,91,11015
1662,6,0,18,7,40127520,3646,1012140,91,11021
1663,5,0,15,10,40154100,3646,1012140,91,11026
1664,4,0,14,11,40178640,3647,1012140,91,11030
1665,2,0,13,12,40190580,3647,1012140,91,11032
1666,11,0,20,5,40202400,3647,1012140,91,11043
1667,8,0,18,7,40222860,3645,1012140,91,11051
1668,9,0,22,3,40235160,3645,1012140,91,11060
1669,7,0,19,6,40279140,3645,1012140,91,11067
1670,7,0,19,6,40312560,3646,1012140,91,11074
1671,16,1,25,0,40345680,3646,1013640,91,11090
1672,12,0,24,1,40380900,3645,1015260,91,11102
1673,10,0,21,4,40437660,3645,1015260,91,11112
1674,4,0,15,10,40471980,3645,1015260,91,11116
1675,9,0,17,8,40504800,3646,1015260,91,11125
1676,5,0,17,8,40519140,3646,1015260,91,11130
1677,1,0,14,11,40549560,3647,1015260,91,11131
1678,8,0,16,9,40568280,3647,1015260,91,11139
1679,4,0,16,9,40580520,3647,1015260,91,11143
1680,5,0,15,10,40603200,3647,1015260,91,11148
1681,5,0,17,8,40617300,3647,1015260,91,11153
1682,5,0,14,11,40637040,3646,1015260,90,11158
1683,4,0,13,12,40647180,3645,1015260,90,11162
1684,4,0,14,11,40651980,3645,1015260,90,11166
1685,4,0,15,10,40662060,3645,1015260,90,11170
1686,10,0,17,8,40678740,3644,1015260,90,11180
1687,4,0,16,9,40695300,3643,1015260,90,11184
1688,7,0,18,7,40706940,3643,1015260,90,11191
1689,9,0,18,7,40740720,3643,1015260,90,11200
1690,6,0,16,9,40759920,3642,1015260,90,11206
1691,8,0,16,9,40782720,3641,1015260,90,11214
1692,15,0,23,2,40801560,3641,1015260,90,11229
1693,3,0,19,6,40825980,3640,1015260,90,11232
1694,10,0,16,9,40885800,3642,1015260,90,11242
1695,8,0,18,7,40907700,3642,1015260,90,11250
1696,9,0,18,7,40932420,3641,1015260,90,11259
1697,11,0,22,3,40955280,3641,1015260,90,11270
1698,4,0,19,6,40974780,3640,1015260,90,11274
1699,7,0,21,4,40991340,3640,1015260,89,11281
1700,4,0,14,11,41055660,3642,1015260,89,11285
1701,6,0,15,10,41069340,3642,1015260,89,11291
1702,1,0,13,12,41086020,3642,1015260,89,11292
1703,5,0,15,10,41095380,3642,1015260,89,11297
1704,2,0,13,12,41108760,3642,1015260,89,11299
1705,2,0,11,14,41124900,3642,1015260,89,11301
1706,5,0,14,11,41128740,3642,1015260,89,11306
1707,3,0,13,12,41139120,3641,1015260,89,11309
1708,4,0,15,10,41142240,3641,1015260,89,11313
1709,4,0,14,11,41158380,3641,1015260,89,11317
1710,7,0,18,7,41164200,3640,1015260,89,11324
1711,7,0,20,5,41183460,3641,1015260,89,11331
1712,9,0,17,8,41219580,3640,1015260,89,11340
1713,6,0,18,7,41244420,3640,1015260,89,11346
1714,7,0,20,5,41271660,3641,1015260,89,11353
1715,10,0,22,3,41299800,3641,1015260,89,11363
1716,11,0,21,4,41340900,3641,1015260,89,11374
1717,9,0,21,4,41379060,3641,1015260,89,11383
1718,10,3,25,0,41388780,3641,1015740,89,11393
1719,5,0,20,5,41452980,3643,1019820,89,11398
1720,7,0,20,5,41489760,3644,1019820,89,11405
1721,7,0,19,6,41517240,3644,1019820,89,11412
1722,10,0,18,7,41549520,3643,1019820,89,11422
1723,7,0,21,4,41568600,3643,1019820,89,11429
1724,2,0,15,10,41604900,3644,1019820,89,11431
1725,4,0,16,9,41625360,3645,1019820,89,11435
1726,3,0,12,13,41643900,3644,1019820,89,11438
1727,4,0,13,12,41647860,3644,1019820,89,11442
1728,5,0,16,9,41651220,3643,1019820,89,11447
1729,6,0,19,6,41667600,3644,1019820,89,11453
1730,4,0,15,10,41691960,3643,1019820,89,11457
1731,5,0,18,7,41695560,3643,1019820,88,11462
1732,6,0,17,8,41726940,3643,1019820,88,11468
1733,4,0,15,10,41749620,3644,1019820,88,11472
1734,11,0,18,7,41764140,3642,1019820,88,11483
1735,4,0,18,7,41782020,3643,1019820,88,11487
1736,2,0,14,11,41810160,3643,1019820,88,11489
1737,6,0,16,9,41820000,3643,1019820,88,11495
1738,8,0,17,8,41835720,3642,1019820,88,11503
1739,10,0,21,4,41857380,3642,1019820,88,11513
1740,7,0,18,7,41885400,3641,1019820,88,11520
1741,6,0,18,7,41902860,3641,1019820,88,11526
1742,7,0,18,7,41939820,3642,1019820,88,11533
1743,8,0,20,5,41953680,3641,1019820,88,11541
1744,6,0,17,8,41989980,3641,1022700,88,11547
1745,9,0,19,6,42019920,3642,1022700,88,11556
1746,7,0,16,9,42058320,3642,1022700,88,11563
1747,10,0,18,7,42084600,3642,1022700,88,11573
1748,10,0,19,6,42109740,3641,1022700,88,11583
1749,8,0,21,4,42132540,3641,1022700,88,11591
1750,3,0,16,9,42171000,3642,1022700,88,11594
1751,2,0,12,13,42198600,3642,1022700,88,11596
1752,4,0,15,10,42204600,3643,1022700,88,11600
1753,3,0,13,12,42215280,3642,1022700,88,11603
1754,4,0,13,12,42229980,3642,1022700,88,11607
1755,3,0,14,11,42232260,3641,1022700,88,11610
1756,7,0,18,7,42244320,3642,1022700,88,11617
1757,5,0,15,10,42264960,3641,1022700,87,11622
1758,9,0,20,5,42268440,3640,1022700,87,11631
1759,13,0,22,3,42297060,3639,1022700,87,11644
1760,7,0,19,6,42336780,3639,1022700,87,11651
1761,10,0,21,4,42362700,3639,1022700,87,11661
1762,13,0,21,4,42401040,3638,1022760,87,11674
1763,9,0,21,4,42430860,3638,1022760,87,11683
1764,9,0,20,5,42482220,3639,1022760,87,11692
1765,8,0,22,3,42498600,3639,1022760,87,11700
1766,12,0,22,3,42539940,3639,1022760,87,11712
1767,10,0,24,1,42567300,3638,1023600,87,11722
1768,5,0,17,8,42627240,3640,1024560,87,11727
1769,3,0,15,10,42652980,3640,1024560,87,11730
1770,11,0,19,6,42677700,3640,1024560,87,11741
1771,4,0,17,8,42697320,3640,1024560,87,11745
1772,6,0,17,8,42723060,3640,1024560,87,11751
1773,5,0,19,6,42737280,3641,1024560,87,11756
1774,4,0,18,7,42761700,3641,1024560,87,11760
1775,4,0,14,11,42796200,3642,1024560,87,11764
1776,4,0,15,10,42814920,3642,1024560,87,11768
1777,7,0,14,11,42833940,3642,1024560,87,11775
1778,5,0,15,10,42841680,3641,1024560,86,11780
1779,6,0,13,12,42856980,3640,1024560,86,11786
1780,6,0,18,7,42866040,3640,1024560,86,11792
1781,1,0,14,11,42888480,3641,1024560,86,11793
1782,2,0,12,13,42905340,3641,1024560,86,11795
1783,5,0,15,10,42907320,3640,1024560,86,11800
1784,5,0,17,8,42918180,3640,1024560,86,11805
1785,7,0,19,6,42939540,3641,1024560,86,11812
1786,5,0,15,10,42962820,3640,1024560,86,11817
1787,5,0,18,7,42970440,3640,1024560,86,11822
1788,5,0,15,10,43006320,3640,1024560,86,11827
1789,5,0,14,11,43022820,3640,1024560,86,11832
1790,7,0,18,7,43027260,3639,1024560,86,11839
1791,9,0,21,4,43046520,3639,1024560,86,11848
1792,11,0,21,4,43085460,3639,1024560,86,11859
1793,9,0,20,5,43125720,3639,1024560,86,11868
1794,7,0,21,4,43144560,3639,1024560,86,11875
1795,8,0,16,9,43186740,3639,1024560,86,11883
1796,6,0,16,9,43202700,3638,1024560,86,11889
1797,6,0,15,10,43222440,3638,1024560,86,11895
1798,4,0,16,9,43235880,3638,1024560,86,11899
1799,5,0,15,10,43259640,3638,1024560,86,11904
1800,3,0,15,10,43270980,3638,1024560,86,11907
1801,2,0,14,11,43289160,3639,1024560,86,11909
1802,7,0,17,8,43300140,3638,1024560,85,11916
1803,2,0,13,12,43323180,3639,1024560,85,11918
1804,2,0,13,12,43334400,3639,1024560,85,11920
1805,4,0,13,12,43349220,3639,1024560,85,11924
1806,8,0,20,5,43352400,3639,1024560,85,11932
1807,7,0,17,8,43382700,3638,1024560,85,11939
1808,6,0,18,7,43410600,3639,1024560,85,11945
1809,7,0,19,6,43431360,3639,1024560,85,11952
1810,8,0,16,9,43468140,3639,1024560,85,11960
1811,8,0,18,7,43486260,3639,1024560,85,11968
1812,13,0,24,1,43509600,3638,1024560,85,11981
1813,6,0,20,5,43535100,3637,1024560,85,11987
1814,7,0,19,6,43582980,3639,1024560,85,11994
1815,11,0,19,6,43608540,3638,1024560,85,12005
1816,5,0,16,9,43634820,3638,1024560,85,12010
1817,16,0,24,1,43658340,3637,1024560,85,12026
1818,8,0,22,3,43688940,3637,1024560,85,12034
1819,4,0,15,10,43729860,3637,1024560,85,12038
1820,6,0,17,8,43744020,3637,1024560,85,12044
1821,2,0,18,7,43747560,3637,1024560,85,12046
1822,2,0,13,12,43782840,3637,1024560,85,12048
1823,4,0,15,10,43790580,3637,1024560,85,12052
1824,4,0,15,10,43802940,3637,1024560,84,12056
1825,2,0,14,11,43817940,3638,1024560,84,12058
1826,6,0,15,10,43835880,3638,1024560,84,12064
1827,5,0,13,12,43858020,3637,1024560,84,12069
1828,6,0,18,7,43864140,3638,1024560,84,12075
1829,5,0,19,6,43873920,3637,1024560,84,12080
1830,6,0,19,6,43896840,3637,1024560,84,12086
1831,7,0,17,8,43936800,3638,1024560,84,12093
1832,5,0,18,7,43952760,3638,1024560,84,12098
1833,11,0,24,1,43975620,3638,1024560,84,12109
1834,6,0,19,6,44015580,3638,1024800,84,12115
1835,2,0,14,11,44055180,3640,1024800,84,12117
1836,11,0,17,8,44081880,3639,1024800,84,12128
1837,8,0,15,10,44108220,3638,1024800,84,12136
1838,9,0,19,6,44123340,3638,1024800,84,12145
1839,4,0,18,7,44138820,3638,1024800,84,12149
1840,12,0,19,6,44175120,3638,1024800,84,12161
1841,12,0,20,5,44203920,3637,1024800,84,12173
1842,6,0,16,9,44242740,3637,1024800,84,12179
1843,2,0,12,13,44266980,3637,1024800,84,12181
1844,3,0,15,10,44266980,3637,1024800,84,12184
1845,7,0,17,8,44286180,3637,1024800,84,12191
1846,7,0,17,8,44307240,3637,1024800,84,12198
1847,3,0,17,8,44321880,3637,1024800,83,12201
1848,9,0,21,4,44340960,3637,1024800,83,12210
1849,3,0,18,7,44365800,3638,1024800,83,12213
1850,4,0,14,11,44413380,3639,1024800,83,12217
1851,7,0,15,10,44426100,3638,1024800,83,12224
1852,7,0,19,6,44443080,3639,1024800,83,12231
1853,3,0,17,8,44455020,3638,1024800,83,12234
1854,6,0,16,9,44482020,3638,1024800,83,12240
1855,8,0,20,5,44494680,3638,1024800,83,12248
1856,9,0,20,5,44522400,3638,1024800,83,12257
1857,5,0,20,5,44536560,3638,1024800,83,12262
1858,8,0,18,7,44586660,3639,1024800,83,12270
1859,8,0,19,6,44602560,3638,1024800,83,12278
1860,10,0,19,6,44638560,3638,1024800,83,12288
1861,10,0,18,7,44676300,3638,1024800,83,12298
1862,7,0,19,6,44703420,3638,1024800,83,12305
1863,9,0,21,4,44737740,3639,1024800,83,12314
1864,9,0,19,6,44768520,3638,1024800,83,12323
1865,6,0,17,8,44802660,3638,1024800,83,12329
1866,5,0,19,6,44813580,3638,1024800,83,12334
1867,13,0,23,2,44850120,3639,1026120,83,12347
1868,4,0,20,5,44872140,3638,1026120,83,12351
1869,5,0,15,10,44920920,3639,1026120,83,12356
1870,5,0,15,10,44936520,3639,1026120,83,12361
1871,6,0,15,10,44953260,3639,1026120,82,12367
1872,5,0,19,6,44955900,3639,1026120,82,12372
1873,3,0,15,10,44990880,3640,1026120,82,12375
1874,1,0,14,11,45004080,3640,1026120,82,12376
1875,1,0,13,12,45018780,3641,1026120,82,12377
1876,3,0,13,12,45029220,3641,1026120,82,12380
1877,9,0,18,7,45040680,3640,1026120,82,12389
1878,2,0,15,10,45056940,3640,1026120,82,12391
1879,9,0,21,4,45073440,3641,1026120,82,12400
1880,8,0,22,3,45107580,3641,1033380,83,12408
1881,6,0,22,3,45143580,3642,1034400,83,12414
1882,18,0,24,1,45195660,3642,1034700,83,12432
1883,8,0,19,6,45240960,3642,1034700,83,12440
1884,5,0,16,9,45282600,3643,1034700,83,12445
1885,6,0,16,9,45298800,3642,1034700,83,12451
1886,5,0,15,10,45319020,3642,1034700,83,12456
1887,3,0,14,11,45332460,3642,1034700,83,12459
1888,9,0,19,6,45343200,3642,1034700,82,12468
1889,16,5,24,1,45353580,3641,1035000,82,12484
1890,7,2,25,0,45396060,3642,1049880,84,12491
1891,6,0,18,7,45465360,3643,1052520,84,12497
1892,7,0,17,8,45492540,3643,1052520,84,12504
1893,2,0,14,11,45514980,3643,1052520,84,12506
1894,2,0,14,11,45518700,3643,1052520,84,12508
1895,4,0,15,10,45539220,3644,1052520,84,12512
1896,8,0,19,6,45551220,3643,1052520,84,12520
1897,2,0,16,9,45572520,3644,1052520,84,12522
1898,4,0,15,10,45591540,3644,1052520,84,12526
1899,6,0,15,10,45621480,3644,1052520,83,12532
1900,7,0,16,9,45632340,3643,1052520,83,12539
1901,5,0,17,8,45636600,3643,1052520,83,12544
1902,5,0,14,11,45667260,3643,1052520,83,12549
1903,15,0,24,1,45678780,3642,1052520,83,12564
1904,10,0,24,1,45709860,3642,1052520,83,12574
1905,8,0,21,4,45745740,3641,1052520,83,12582
1906,7,0,17,8,45802200,3643,1052520,83,12589
1907,8,0,19,6,45815040,3642,1052520,83,12597
1908,11,0,21,4,45856080,3643,1052520,83,12608
1909,6,0,12,13,45908460,3642,1052520,83,12614
1910,11,0,21,4,45912300,3642,1052520,83,12625
1911,10,0,21,4,45930540,3641,1052520,83,12635
1912,8,0,21,4,45969180,3641,1052520,83,12643
1913,9,0,20,5,46008240,3642,1052520,83,12652
1914,8,0,19,6,46034760,3641,1052520,83,12660
1915,10,0,20,5,46067640,3641,1052520,83,12670
1916,5,0,17,8,46102080,3642,1052520,83,12675
1917,6,0,15,10,46126920,3641,1052520,82,12681
1918,5,0,15,10,46147620,3641,1052520,82,12686
1919,2,0,14,11,46158180,3641,1052520,82,12688
1920,3,0,15,10,46160100,3641,1052520,82,12691
1921,2,0,13,12,46173420,3641,1052520,82,12693
1922,3,0,11,14,46188960,3641,1052520,82,12696
1923,5,0,14,11,46189800,3640,1052520,82,12701
1924,5,0,17,8,46196220,3640,1052520,82,12706
1925,7,0,20,5,46217580,3641,1052520,82,12713
1926,6,0,19,6,46247520,3641,1052520,82,12719
1927,17,0,23,2,46281900,3640,1052580,82,12736
1928,5,0,19,6,46324200,3641,1052580,82,12741
1929,5,0,16,9,46360500,3641,1052580,82,12746
1930,7,0,15,10,46385760,3641,1052580,82,12753
1931,8,0,19,6,46398720,3641,1052580,82,12761
1932,5,0,15,10,46428120,3641,1052580,82,12766
1933,7,0,18,7,46442280,3641,1052580,82,12773
1934,11,0,20,5,46468560,3640,1052580,82,12784
1935,7,0,18,7,46496580,3640,1052580,82,12791
1936,6,0,19,6,46519080,3640,1052580,82,12797
1937,7,0,20,5,46546200,3640,1052580,82,12804
1938,1,0,13,12,46584540,3641,1052580,82,12805
1939,8,0,18,7,46593060,3641,1052580,82,12813
1940,6,0,18,7,46608540,3641,1052580,82,12819
1941,8,0,18,7,46639980,3641,1052580,82,12827
1942,5,0,16,9,46662900,3640,1052580,82,12832
1943,4,0,18,7,46677180,3641,1052580,82,12836
1944,9,0,20,5,46711860,3642,1052580,81,12845
1945,4,0,18,7,46728180,3641,1052580,81,12849
1946,4,0,17,8,46752900,3642,1052580,81,12853
1947,3,0,14,11,46779720,3642,1052580,81,12856
1948,7,0,17,8,46793280,3642,1052580,81,12863
1949,3,0,16,9,46806480,3642,1052580,81,12866
1950,3,0,15,10,46820160,3642,1052580,81,12869
1951,6,0,12,13,46846140,3641,1052580,81,12875
1952,7,0,15,10,46856580,3641,1052580,81,12882
1953,4,0,15,10,46865280,3641,1052580,81,12886
1954,7,0,17,8,46888680,3641,1052580,81,12893
1955,4,0,18,7,46892340,3640,1052580,81,12897
1956,11,0,19,6,46927080,3640,1052580,81,12908
1957,15,0,23,2,46954020,3639,1052580,81,12923
1958,9,0,23,2,46987440,3639,1053420,81,12932
1959,7,0,18,7,47033520,3640,1053420,81,12939
1960,4,0,16,9,47058360,3640,1053420,81,12943
1961,5,0,18,7,47071320,3640,1053420,81,12948
1962,11,0,17,8,47114640,3640,1053420,81,12959
1963,4,0,20,5,47118180,3640,1053420,81,12963
1964,2,0,16,9,47143800,3640,1053420,81,12965
1965,4,0,15,10,47170860,3641,1053420,81,12969
1966,5,0,15,10,47183040,3640,1053420,81,12974
1967,5,0,16,9,47207040,3641,1053420,81,12979
1968,5,0,17,8,47225220,3641,1053420,81,12984
1969,6,0,19,6,47243880,3642,1053420,81,12990
1970,7,0,18,7,47272080,3642,1053420,81,12997
1971,2,0,15,10,47293140,3642,1053420,81,12999
1972,3,0,12,13,47316000,3642,1053420,81,13002
1973,5,0,16,9,47317080,3642,1053420,80,13007
1974,7,0,16,9,47328900,3641,1053420,80,13014
1975,2,0,13,12,47356800,3641,1053420,80,13016
1976,9,0,16,9,47371980,3641,1053420,80,13025
1977,8,0,17,8,47384700,3640,1053420,80,13033
1978,4,0,16,9,47405040,3640,1053420,80,13037
1979,6,0,16,9,47421300,3640,1053420,80,13043
1980,6,0,18,7,47430480,3639,1053420,80,13049
1981,13,0,22,3,47460960,3639,1053420,80,13062
1982,6,0,22,3,47487120,3639,1053840,80,13068
1983,10,0,21,4,47537400,3640,1053900,80,13078
1984,9,0,20,5,47567520,3640,1053900,80,13087
1985,11,0,21,4,47606820,3640,1053900,80,13098
1986,6,0,18,7,47634540,3640,1053900,80,13104
1987,5,0,14,11,47670900,3640,1053900,80,13109
1988,7,0,16,9,47685060,3640,1053900,80,13116
1989,6,0,21,4,47687760,3640,1053900,80,13122
1990,5,0,14,11,47730840,3639,1053900,80,13127
1991,3,0,14,11,47745120,3640,1053900,80,13130
1992,7,0,19,6,47748420,3639,1053900,80,13137
1993,3,0,16,9,47771100,3639,1053900,80,13140
1994,5,0,14,11,47798280,3640,1053900,80,13145
1995,4,0,12,13,47812260,3639,1053900,80,13149
1996,7,0,17,8,47818620,3639,1053900,80,13156
1997,10,0,20,5,47833560,3638,1053900,80,13166
1998,6,0,18,7,47861520,3638,1053900,80,13172
1999,13,0,20,5,47899020,3638,1053900,79,13185
2000,5,0,16,9,47926620,3637,1053900,79,13190
2001,4,0,17,8,47937240,3637,1053900,79,13194
2002,6,0,20,5,47961840,3638,1053900,79,13200
2003,5,0,17,8,47994420,3639,1053900,79,13205
2004,6,0,18,7,48013620,3639,1053900,79,13211
2005,5,0,18,7,48034560,3639,1053900,79,13216
2006,11,0,20,5,48058620,3638,1053900,79,13227
2007,15,0,24,1,48093420,3638,1054860,79,13242
2008,11,0,20,5,48138480,3637,1054860,79,13253
2009,7,0,18,7,48168000,3637,1054860,79,13260
2010,4,0,16,9,48190860,3637,1054860,79,13264
2011,10,0,22,3,48202500,3637,1054860,79,13274
2012,4,0,17,8,48232980,3637,1054860,79,13278
2013,5,0,16,9,48260460,3637,1054860,79,13283
2014,3,0,13,12,48277200,3637,1054860,79,13286
2015,4,0,16,9,48277980,3637,1054860,79,13290
2016,3,0,14,11,48293700,3636,1054860,79,13293
2017,7,0,17,8,48297540,3636,1054860,79,13300
2018,6,0,22,3,48298920,3635,1054860,79,13306
2019,0,0,15,10,48327600,3636,1054860,79,13306
2020,5,0,16,9,48345840,3636,1054860,79,13311
2021,7,0,18,7,48357840,3635,1054860,79,13318
2022,13,0,25,0,48367020,3634,1055220,79,13331
2023,4,0,17,8,48403620,3634,1055220,79,13335
2024,6,0,19,6,48418020,3634,1055220,79,13341
2025,2,0,18,7,48430080,3634,1055220,79,13343
2026,9,0,20,5,48460500,3634,1055220,79,13352
2027,4,0,19,6,48469260,3634,1055220,79,13356
2028,5,0,19,6,48491640,3634,1055220,78,13361
2029,13,0,20,5,48523080,3633,1055220,78,13374
2030,7,0,22,3,48547020,3634,1055220,78,13381
2031,10,0,25,0,48565260,3633,1056780,78,13391
2032,5,0,19,6,48613080,3634,1056780,78,13396
2033,10,0,23,2,48638220,3634,1056780,78,13406
2034,6,0,18,7,48661860,3633,1056780,78,13412
2035,7,0,20,5,48675480,3632,1056780,78,13419
2036,6,0,21,4,48697860,3633,1056780,78,13425
2037,3,1,19,6,48710520,3632,1057440,78,13428
2038,6,4,18,7,48737520,3633,1058100,78,13434
2039,6,9,17,8,48746640,3634,1059060,78,13440
2040,5,11,17,8,48770460,3634,1072260,79,13445
2041,4,13,17,8,48790860,3635,1083420,80,13449
2042,1,10,18,7,48810960,3636,1110780,82,13450
2043,7,9,25,0,48811740,3636,1169820,86,13457
2044,10,1,25,0,48857460,3634,1254420,93,13467
2045,6,0,20,5,48900120,3634,1268580,94,13473
2046,16,0,24,1,48927240,3633,1274640,94,13489
2047,6,0,24,1,48947160,3633,1275900,94,13495
2048,7,0,20,5,48991980,3633,1275900,94,13502
2049,11,2,22,3,49024680,3634,1278000,94,13513
2050,5,0,22,3,49053300,3634,1281840,94,13518
2051,10,0,20,5,49092780,3634,1281840,94,13528
2052,6,0,19,6,49125900,3634,1281840,94,13534
2053,13,9,18,7,49143420,3634,1283580,94,13547
2054,8,16,18,7,49150860,3635,1287420,94,13555
2055,8,14,23,2,49190280,3636,1330980,98,13563
2056,5,13,25,0,49202040,3636,1363680,100,13568
2057,6,3,25,0,49261440,3636,1444560,106,13574
2058,4,0,19,6,49290360,3635,1484400,109,13578
2059,8,0,21,4,49317180,3635,1484400,109,13586
2060,4,0,19,6,49340100,3635,1484400,109,13590
2061,6,0,19,6,49374240,3636,1488120,109,13596
2062,6,0,22,3,49378980,3636,1488120,109,13602
2063,5,0,19,6,49414080,3636,1488120,109,13607
2064,3,0,16,9,49436280,3636,1488120,109,13610
2065,4,0,17,8,49450920,3636,1488120,109,13614
2066,6,0,19,6,49455360,3636,1488120,109,13620
2067,4,1,18,7,49476180,3636,1491840,109,13624
2068,2,0,17,8,49497360,3637,1493340,109,13626
2069,2,0,14,11,49522980,3637,1493340,109,13628
2070,3,0,15,10,49528620,3637,1493340,109,13631
2071,5,0,15,10,49536060,3636,1493340,109,13636
2072,10,0,20,5,49549020,3636,1493340,109,13646
2073,10,0,19,6,49570620,3635,1493340,109,13656
2074,6,0,18,7,49587000,3634,1493340,109,13662
2075,5,0,17,8,49619760,3635,1493340,109,13667
2076,8,0,19,6,49627320,3634,1493340,109,13675
2077,8,3,21,4,49635660,3633,1494120,109,13683
2078,4,5,18,7,49667700,3634,1497660,109,13687
2079,14,11,23,2,49688640,3635,1509180,110,13701
2080,8,12,25,0,49706820,3635,1519980,110,13709
2081,9,8,25,0,49753080,3635,1586520,115,13718
2082,10,0,23,2,49811940,3634,1647000,119,13728
2083,5,0,18,7,49848000,3634,1647000,119,13733
2084,1,0,17,8,49855920,3634,1647000,119,13734
2085,5,0,18,7,49878360,3635,1647000,119,13739
2086,6,1,19,6,49893120,3635,1647000,119,13745
2087,2,0,18,7,49914840,3635,1647480,119,13747
2088,4,0,19,6,49921560,3635,1647480,119,13751
2089,5,0,18,7,49951920,3636,1647480,119,13756
2090,5,0,20,5,49963920,3636,1647480,119,13761
2091,5,0,18,7,49995240,3636,1647480,119,13766
2092,3,0,14,11,50014080,3636,1647480,119,13769
2093,2,0,15,10,50017140,3636,1647480,119,13771
2094,4,0,16,9,50026980,3635,1647480,119,13775
2095,7,0,21,4,50031480,3635,1647480,119,13782
2096,14,3,25,0,50049660,3635,1651380,119,13796
2097,7,0,21,4,50109360,3635,1656540,120,13803
2098,10,6,20,5,50133300,3636,1659960,120,13813
2099,8,14,19,6,50138460,3636,1659960,120,13821
2100,10,12,25,0,50180580,3637,1691460,122,13831
2101,9,8,25,0,50224620,3637,1741740,125,13840
2102,13,5,25,0,50264820,3636,1794660,129,13853
2103,7,1,25,0,50308680,3636,1802460,130,13860
2104,10,0,23,2,50344020,3635,1808100,130,13870
2105,7,3,21,4,50375160,3636,1813200,130,13877
2106,8,6,18,7,50410920,3636,1816140,130,13885
2107,4,10,17,8,50415180,3636,1816140,130,13889
2108,4,12,16,9,50436840,3637,1823880,131,13893
2109,6,11,22,3,50450940,3638,1861020,133,13899
2110,3,8,21,4,50478660,3638,1890420,135,13902
2111,7,0,24,1,50523120,3638,2000940,143,13909
2112,9,0,21,4,50552700,3637,2000940,143,13918
2113,9,0,21,4,50573280,3636,2000940,143,13927
2114,9,0,21,4,50586840,3635,2000940,143,13936
2115,5,0,19,6,50622600,3636,2002200,143,13941
2116,3,0,18,7,50635980,3636,2002200,143,13944
2117,5,1,20,5,50640480,3635,2002200,143,13949
2118,5,0,18,7,50683620,3636,2002980,143,13954
2119,5,0,17,8,50697960,3636,2002980,143,13959
2120,9,0,21,4,50717400,3636,2002980,143,13968
2121,7,0,21,4,50739420,3636,2002980,143,13975
2122,12,0,22,3,50763600,3635,2002980,143,13987
2123,6,0,21,4,50787000,3634,2002980,143,13993
2124,6,4,18,7,50818800,3635,2006040,143,13999
2125,11,5,25,0,50839320,3636,2013360,143,14010
2126,13,6,24,1,50888880,3636,2025300,144,14023
2127,11,10,21,4,50935140,3637,2036340,145,14034
2128,3,10,23,2,50943600,3637,2046180,145,14037
2129,4,8,21,4,50987280,3638,2062920,146,14041
2130,9,0,20,5,51016500,3636,2150640,153,14050
2131,6,0,22,3,51028620,3636,2150640,153,14056
2132,4,0,17,8,51068880,3636,2150640,152,14060
2133,4,0,19,6,51082320,3637,2150640,152,14064
2134,3,0,14,11,51107100,3636,2150640,152,14067
2135,6,0,18,7,51113880,3636,2150640,152,14073
2136,2,0,16,9,51126660,3636,2150640,152,14075
2137,5,0,17,8,51140640,3636,2150640,152,14080
2138,3,0,15,10,51158160,3636,2150640,152,14083
2139,5,0,17,8,51163920,3636,2150640,152,14088
2140,5,0,17,8,51184500,3636,2150640,152,14093
2141,6,0,21,4,51189120,3636,2150640,152,14099
2142,2,0,16,9,51218580,3636,2150640,152,14101
2143,3,0,17,8,51225300,3636,2150640,152,14104
2144,9,0,20,5,51247800,3636,2150640,152,14113
2145,12,0,25,0,51260700,3635,2151360,152,14125
2146,9,0,23,2,51309120,3636,2151420,152,14134
2147,9,0,22,3,51351480,3636,2151420,152,14143
2148,11,0,23,2,51383400,3636,2151420,152,14154
2149,8,0,21,4,51411180,3635,2151420,151,14162
2150,9,5,19,6,51427380,3635,2151780,151,14171
2151,10,0,22,3,51473280,3635,2163960,152,14181
2152,6,0,21,4,51493080,3634,2163960,152,14187
2153,10,0,22,3,51518220,3634,2163960,152,14197
2154,7,0,20,5,51561540,3635,2163960,152,14204
2155,8,0,23,2,51583920,3635,2163960,152,14212
2156,6,0,20,5,51625080,3636,2163960,152,14218
2157,7,0,20,5,51654180,3636,2163960,152,14225
2158,4,0,20,5,51663840,3635,2163960,152,14229
2159,3,0,16,9,51702540,3636,2163960,152,14232
2160,5,0,19,6,51705720,3636,2163960,151,14237
2161,5,0,20,5,51723180,3636,2163960,151,14242
2162,6,0,19,6,51749280,3636,2163960,151,14248
2163,5,0,19,6,51763260,3636,2163960,151,14253
2164,4,0,17,8,51785520,3636,2163960,151,14257
2165,7,0,19,6,51803820,3636,2163960,151,14264
2166,4,0,16,9,51828420,3636,2163960,151,14268
2167,6,0,18,7,51839460,3636,2163960,151,14274
2168,8,0,22,3,51854160,3636,2163960,151,14282
2169,6,1,18,7,51895980,3636,2169660,151,14288
2170,3,0,19,6,51903600,3636,2171340,151,14291
2171,10,0,22,3,51925500,3636,2171340,151,14301
2172,10,0,23,2,51961380,3636,2171340,151,14311
2173,5,0,20,5,51987000,3636,2171340,151,14316
2174,8,7,18,7,52000800,3636,2171400,151,14324
2175,10,13,20,5,52020660,3637,2179380,152,14334
2176,8,12,25,0,52050420,3638,2204460,153,14342
2177,10,9,25,0,52099800,3638,2231340,155,14352
2178,8,0,25,0,52142460,3637,2319180,161,14360
2179,7,0,19,6,52190580,3637,2319180,161,14367
2180,5,0,18,7,52206480,3637,2319180,161,14372
2181,5,0,19,6,52217940,3636,2319180,161,14377
2182,6,0,20,5,52242480,3637,2319180,161,14383
2183,4,0,17,8,52268640,3637,2319180,161,14387
2184,2,0,16,9,52283820,3637,2319180,161,14389
2185,4,0,15,10,52296780,3637,2319180,161,14393
2186,4,0,15,10,52311960,3637,2319180,161,14397
2187,6,0,18,7,52321380,3637,2319180,161,14403
2188,4,0,18,7,52333980,3637,2319180,160,14407
2189,8,0,22,3,52347540,3637,2319180,160,14415
2190,5,0,17,8,52380480,3636,2319180,160,14420
2191,6,0,19,6,52393140,3636,2319180,160,14426
2192,14,4,25,0,52412580,3636,2319180,160,14440
2193,15,17,20,5,52440600,3637,2320440,160,14455
2194,11,25,19,6,52470240,3638,2329260,161,14466
2195,10,33,19,6,52487340,3638,2335560,161,14476
2196,7,30,25,0,52515660,3639,2411400,166,14483
2197,8,32,25,0,52546320,3640,2467260,170,14491
2198,9,29,25,0,52609440,3641,2521980,173,14500
2199,6,28,23,2,52638540,3641,2558280,176,14506
2200,12,26,25,0,52687320,3641,2663700,183,14518
2201,7,21,25,0,52734780,3642,2731980,188,14525
2202,9,11,25,0,52770420,3639,2971320,204,14534
2203,10,7,25,0,52819560,3639,3099780,213,14544
2204,6,0,22,3,52857300,3638,3235320,222,14550
2205,8,0,18,7,52893000,3637,3235320,222,14558
2206,4,0,15,10,52922400,3638,3235320,222,14562
2207,7,0,16,9,52939020,3637,3235320,222,14569
2208,0,0,13,12,52948620,3637,3235320,222,14569
2209,4,0,17,8,52948620,3637,3235320,222,14573
2210,4,0,17,8,52955520,3637,3235320,221,14577
2211,2,0,18,7,52956420,3636,3235320,221,14579
2212,8,0,19,6,52993620,3637,3235320,221,14587
2213,4,0,18,7,53016720,3638,3235320,221,14591
2214,4,0,16,9,53040600,3638,3235320,221,14595
2215,6,0,16,9,53058840,3637,3235320,221,14601
2216,3,0,16,9,53069460,3637,3235320,221,14604
2217,5,0,17,8,53076540,3637,3235320,221,14609
2218,7,0,18,7,53089620,3636,3235320,221,14616
2219,9,0,22,3,53103300,3636,3235320,221,14625
2220,9,0,24,1,53130960,3636,3235500,221,14634
2221,7,0,20,5,53165760,3636,3235500,220,14641
2222,10,0,21,4,53193060,3635,3235500,220,14651
2223,15,0,24,1,53220540,3634,3235800,220,14666
2224,11,0,25,0,53254680,3634,3239400,220,14677
2225,10,0,21,4,53305320,3634,3239400,220,14687
2226,5,0,18,7,53340900,3635,3239400,220,14692
2227,5,0,16,9,53354460,3634,3239400,220,14697
2228,10,0,20,5,53363220,3633,3239400,220,14707
2229,3,0,20,5,53369700,3633,3239400,220,14710
2230,6,0,19,6,53406120,3633,3239400,220,14716
2231,7,0,23,2,53425380,3634,3239400,220,14723
2232,2,0,15,10,53458140,3634,3239400,219,14725
2233,5,0,17,8,53472060,3634,3239400,219,14730
2234,7,0,19,6,53484480,3633,3241020,219,14737
2235,4,2,20,5,53491500,3634,3243480,220,14741
2236,6,0,18,7,53530680,3634,3247620,220,14747
2237,4,0,15,10,53557560,3634,3247620,220,14751
2238,4,0,14,11,53565420,3633,3247620,220,14755
2239,6,0,16,9,53569800,3633,3247620,220,14761
2240,8,0,23,2,53574120,3633,3247620,219,14769
2241,7,0,20,5,53600940,3632,3247620,219,14776
2242,5,0,21,4,53615280,3632,3247620,219,14781
2243,6,0,18,7,53661060,3633,3247620,219,14787
2244,7,0,18,7,53682960,3633,3247620,219,14794
2245,8,0,21,4,53701740,3633,3247620,219,14802
2246,10,0,23,2,53713620,3631,3247620,219,14812
2247,10,0,23,2,53757060,3632,3247620,219,14822
2248,8,0,23,2,53787540,3632,3251760,219,14830
2249,11,0,17,8,53839080,3631,3251820,219,14841
2250,11,0,21,4,53850120,3630,3251820,218,14852
2251,10,0,21,4,53881500,3630,3251820,218,14862
2252,10,0,23,2,53907060,3630,3251820,218,14872
2253,1,0,17,8,53935080,3630,3251820,218,14873
2254,4,0,15,10,53954520,3630,3251820,218,14877
2255,6,0,17,8,53962740,3629,3251820,218,14883
2256,6,0,18,7,53976540,3629,3251820,218,14889
2257,4,0,17,8,53990760,3629,3251820,218,14893
2258,5,1,18,7,54002040,3629,3251820,218,14898
2259,4,0,18,7,54032520,3630,3251880,218,14902
2260,5,0,18,7,54040680,3629,3251880,218,14907
2261,6,0,20,5,54053340,3629,3251880,218,14913
2262,5,0,16,9,54084420,3629,3251880,217,14918
2263,5,0,20,5,54100020,3630,3251880,217,14923
2264,3,0,16,9,54129720,3630,3251880,217,14926
2265,9,0,21,4,54144600,3630,3251880,217,14935
2266,10,0,23,2,54162240,3629,3251880,217,14945
2267,9,0,22,3,54196800,3629,3251880,217,14954
2268,6,0,21,4,54226500,3629,3251880,217,14960
2269,5,0,15,10,54269880,3630,3251880,217,14965
2270,11,0,24,1,54271620,3629,3251880,217,14976
2271,6,0,17,8,54301680,3628,3251880,217,14982
2272,10,0,20,5,54329880,3628,3251880,216,14992
2273,5,2,19,6,54339180,3628,3253200,216,14997
2274,8,6,19,6,54365820,3629,3257160,217,15005
2275,9,0,23,2,54385920,3627,3283140,218,15014
2276,3,0,20,5,54405180,3627,3283140,218,15017
2277,5,0,17,8,54450540,3628,3283140,218,15022
2278,6,0,16,9,54469980,3628,3283140,218,15028
2279,4,0,19,6,54474240,3628,3283140,218,15032
2280,8,4,19,6,54492960,3628,3284520,218,15040
2281,3,2,21,4,54507660,3629,3290700,218,15043
2282,1,0,15,10,54544560,3629,3299400,219,15044
2283,5,0,18,7,54567960,3630,3299400,219,15049
2284,3,0,16,9,54581940,3630,3299400,219,15052
2285,2,0,15,10,54601320,3630,3299400,219,15054
2286,8,0,21,4,54606840,3630,3299400,219,15062
2287,9,0,21,4,54621780,3629,3299400,218,15071
2288,4,0,17,8,54651060,3629,3299400,218,15075
2289,9,0,21,4,54671220,3629,3299400,218,15084
2290,9,0,25,0,54684840,3629,3299400,218,15093
2291,6,3,22,3,54716940,3629,3300780,218,15099
2292,3,0,22,3,54755040,3630,3308580,219,15102
2293,13,0,21,4,54803880,3630,3308700,218,15115
2294,12,2,25,0,54814200,3630,3309060,218,15127
2295,6,3,22,3,54863160,3631,3311760,218,15133
2296,5,0,22,3,54896940,3631,3324960,219,15138
2297,5,0,19,6,54934140,3632,3324960,219,15143
2298,7,0,16,9,54958260,3631,3324960,219,15150
2299,6,0,16,9,54976020,3631,3324960,219,15156
2300,5,1,18,7,54977880,3630,3324960,219,15161
2301,6,1,21,4,54999900,3631,3328440,219,15167
2302,9,0,21,4,55030920,3631,3331080,219,15176
2303,8,0,19,6,55052580,3630,3331080,219,15184
2304,3,0,18,7,55077900,3630,3331080,219,15187
2305,9,0,21,4,55099020,3630,3331080,219,15196
2306,5,0,16,9,55125780,3630,3331080,219,15201
2307,8,0,22,3,55135620,3630,3331080,219,15209
2308,8,0,21,4,55160880,3629,3331080,218,15217
2309,6,0,20,5,55184580,3629,3331080,218,15223
2310,8,0,21,4,55210140,3629,3332220,218,15231
2311,4,0,22,3,55219080,3629,3332220,218,15235
2312,9,0,23,2,55263780,3630,3332820,218,15244
2313,13,5,25,0,55300260,3631,3336480,218,15257
2314,11,0,24,1,55358160,3631,3347880,219,15268
2315,12,6,20,5,55378860,3630,3348240,219,15280
2316,9,13,19,6,55394880,3630,3350940,219,15289
2317,11,19,20,5,55426140,3631,3363420,219,15300
2318,13,27,22,3,55444200,3632,3370260,220,15313
2319,5,23,25,0,55475040,3632,3413220,222,15318
2320,8,20,25,0,55521900,3633,3470160,226,15326
2321,3,4,25,0,55564380,3631,3684540,240,15329
2322,9,0,22,3,55613880,3631,3742140,243,15338
2323,1,0,17,8,55637100,3631,3742140,243,15339
2324,7,0,20,5,55652460,3631,3742140,243,15346
2325,6,0,17,8,55689600,3631,3742140,243,15352
2326,9,0,20,5,55714860,3631,3742140,243,15361
2327,3,0,19,6,55723560,3631,3742140,243,15364
2328,6,0,20,5,55745580,3631,3742140,243,15370
2329,4,0,18,7,55772760,3631,3742140,243,15374
2330,3,0,15,10,55797060,3632,3742140,243,15377
2331,4,0,18,7,55799280,3632,3742140,243,15381
2332,7,0,19,6,55814400,3631,3742140,243,15388
2333,5,0,19,6,55832460,3631,3742140,243,15393
2334,5,0,19,6,55850580,3631,3742140,243,15398
2335,11,0,23,2,55866480,3630,3742140,242,15409
2336,3,0,19,6,55890300,3630,3742140,242,15412
2337,8,0,20,5,55929600,3631,3742140,242,15420
2338,8,1,21,4,55943520,3631,3742140,242,15428
2339,8,7,18,7,55962600,3631,3744300,242,15436
2340,9,15,17,8,55978020,3631,3746640,242,15445
2341,11,24,16,9,56000100,3632,3756240,243,15456
2342,11,32,18,7,56013480,3633,3771480,243,15467
2343,10,40,17,8,56025900,3633,3772860,243,15477
2344,18,40,18,7,56033520,3633,3780180,244,15495
2345,5,36,23,2,56067540,3635,3895140,251,15500
2346,9,37,25,0,56095260,3635,3939300,254,15509
2347,8,36,25,0,56140260,3636,3985860,257,15517
2348,7,34,25,0,56181420,3637,4018080,259,15524
2349,5,23,25,0,56239500,3637,4444800,286,15529
2350,3,8,25,0,56285340,3635,4711620,303,15532
2351,4,0,17,8,56313060,3632,4938180,318,15536
2352,4,0,17,8,56321280,3632,4938180,318,15540
2353,8,0,20,5,56346480,3632,4938180,317,15548
2354,4,2,20,5,56353560,3632,4940520,318,15552
2355,6,0,23,2,56382000,3633,4947180,318,15558
2356,4,0,18,7,56417100,3633,4948080,318,15562
2357,1,0,16,9,56437440,3634,4948080,318,15563
2358,4,0,17,8,56450340,3634,4948080,318,15567
2359,8,0,22,3,56467320,3634,4948080,318,15575
2360,5,0,21,4,56487300,3634,4948080,317,15580
2361,16,0,25,0,56524200,3634,4949640,317,15596
2362,5,0,23,2,56557800,3634,4949640,317,15601
2363,6,0,18,7,56598540,3634,4949640,317,15607
2364,10,0,19,6,56624700,3634,4949640,317,15617
2365,10,0,21,4,56652720,3634,4949640,317,15627
2366,11,0,24,1,56672400,3633,4949760,316,15638
2367,8,0,22,3,56710020,3633,4951020,316,15646
2368,10,0,21,4,56747460,3633,4951020,316,15656
2369,8,0,18,7,56778180,3633,4951020,316,15664
2370,5,0,18,7,56790420,3632,4951020,316,15669
2371,5,0,17,8,56810460,3632,4951020,316,15674
2372,4,0,17,8,56825820,3632,4951020,316,15678
2373,11,0,22,3,56843700,3632,4951020,315,15689
2374,2,0,16,9,56873880,3632,4951020,315,15691
2375,2,0,15,10,56888640,3632,4951020,315,15693
2376,1,0,13,12,56895540,3632,4951020,315,15694
2377,4,0,16,9,56897460,3632,4951020,315,15698
2378,8,0,21,4,56905260,3632,4951020,315,15706
2379,4,0,16,9,56932500,3631,4951020,315,15710
2380,9,0,21,4,56938440,3631,4951020,315,15719
2381,7,0,21,4,56957700,3630,4951020,315,15726
2382,9,0,23,2,56985600,3631,4951020,315,15735
2383,7,0,22,3,57013680,3630,4951500,314,15742
2384,6,0,20,5,57039060,3630,4951500,314,15748
2385,6,0,20,5,57065640,3631,4951500,314,15754
2386,7,1,19,6,57086820,3630,4951500,314,15761
2387,5,2,18,7,57112320,3631,4956420,314,15766
2388,5,0,19,6,57129300,3630,4965900,315,15771
2389,13,8,21,4,57144600,3631,4968720,315,15784
2390,5,12,18,7,57172320,3632,4971900,315,15789
2391,9,18,18,7,57194640,3632,4983240,315,15798
2392,8,21,22,3,57200280,3632,4999140,316,15806
2393,6,19,24,1,57244620,3634,5048400,319,15812
2394,8,16,25,0,57279120,3634,5099580,322,15820
2395,3,6,25,0,57324300,3634,5275020,333,15823
2396,6,0,20,5,57356700,3632,5332440,337,15829
2397,5,0,17,8,57386700,3632,5332440,337,15834
2398,4,0,17,8,57395340,3631,5332440,337,15838
2399,5,0,15,10,57415560,3631,5332440,336,15843

